0 0.387604 0.998750 0.407547 0.963296 0.434198 1.000000 0.412307 1.000000
11 0.000000 0.257528 0.016271 0.273361 0.026286 0.323824 0.000000 0.350111
3 0.001922 0.592333 0.011583 0.605213 0.023172 0.618944 0.025589 0.633546 0.012547 0.638694 0.000000 0.646417 0.000000 0.646130
1 0.317812 0.164954 0.342755 0.132250 0.370818 0.171046 0.372068 0.216500 0.342443 0.256963 0.317500 0.224259
1 0.159755 0.627509 0.182932 0.657694 0.188318 0.707519 0.158677 0.746806 0.131458 0.712306 0.137656 0.683083 0.134156 0.660565
2 0.380578 0.123611 0.399500 0.094620 0.409969 0.079231 0.424464 0.084602 0.437750 0.135417 0.434328 0.149019 0.413792 0.181944 0.384000 0.145796
5 0.425302 0.562269 0.445099 0.592083 0.457443 0.588769 0.463500 0.573454 0.461870 0.554815 0.463500 0.545713 0.460708 0.529972 0.455115 0.519620 0.455813 0.493954 0.448359 0.490639 0.442771 0.494370 0.443703 0.520454 0.431823 0.537843
6 0.479526 0.435880 0.493807 0.418148 0.496234 0.388926 0.486531 0.332398 0.473865 0.321380 0.458776 0.346287 0.452307 0.402824 0.460120 0.425815
7 0.102443 0.854185 0.133885 0.806565 0.145766 0.813194 0.165563 0.857083 0.137844 0.894769 0.127130 0.893935
0 0.507443 0.312898 0.534932 0.264509 0.560260 0.275528 0.575891 0.315769 0.540323 0.366074
7 0.375964 0.659731 0.396854 0.610954 0.415875 0.623148 0.444245 0.659176 0.404958 0.709065
7 0.242448 0.310509 0.262719 0.263954 0.281427 0.267278 0.317906 0.323815 0.296391 0.347648 0.287974 0.330472 0.280490 0.334907 0.263651 0.340444
8 0.209750 0.938759 0.214802 0.952231 0.218047 0.999685 0.215036 1.000000 0.180938 1.000000 0.181250 0.978528 0.200010 0.974676 0.204698 0.970185 0.205781 0.940046
8 0.506943 0.617463 0.541589 0.584065 0.524057 0.501704 0.509031 0.502444 0.498594 0.530639 0.491917 0.582583
9 0.152677 0.572093 0.194167 0.625972 0.208234 0.619556 0.234208 0.577870 0.222302 0.541306 0.220141 0.509880 0.209318 0.479741 0.186229 0.504111 0.164224 0.532972
10 0.167307 0.087343 0.200979 0.046880 0.238708 0.105083 0.236839 0.141667 0.220000 0.144991 0.209396 0.189898 0.198797 0.176593 0.186016 0.191556 0.178844 0.144991 0.170109 0.138898 0.157641 0.157194 0.161068 0.120602
11 0.370547 0.320083 0.408510 0.367287 0.445078 0.324639 0.439255 0.296481 0.434130 0.267500 0.407578 0.237278 0.384521 0.274537 0.377531 0.301454
13 0.057703 0.153435 0.074927 0.176935 0.086411 0.220546 0.079625 0.249620 0.055443 0.270963 0.055094 0.200139 0.050568 0.196426 0.032651 0.196111 0.031953 0.182509 0.050917 0.181889 0.054224 0.178481 0.055443 0.173843
11 0.196042 0.315963 0.174469 0.340454 0.167708 0.379731 0.169401 0.391278 0.177974 0.393593 0.182005 0.394287 0.182135 0.416463 0.193958 0.427787 0.207604 0.428019 0.212937 0.420620 0.214885 0.407685 0.212286 0.381111 0.222812 0.364944 0.223979 0.346231 0.211245 0.330519
11 0.183646 0.712944 0.208203 0.678231 0.217464 0.681093 0.237797 0.712231 0.244036 0.744074 0.241823 0.759824 0.216661 0.790602 0.202974 0.798472 0.178615 0.757315
12 0.001151 0.783833 0.010208 0.785630 0.011615 0.798509 0.015844 0.805667 0.024901 0.809963 0.026714 0.825704 0.016849 0.828213 0.011417 0.837519 0.010406 0.901213 0.000141 0.903009
12 0.036052 0.510426 0.025990 0.537620 0.018542 0.569833 0.036656 0.594167 0.043500 0.597389 0.046922 0.609194 0.055578 0.622435 0.090406 0.583435 0.089802 0.566611 0.082151 0.553731 0.075104 0.524380 0.067255 0.509352 0.058396 0.503630 0.054172 0.507926
12 0.315557 0.551759 0.324641 0.514907 0.336286 0.503306 0.351422 0.501657 0.363771 0.514907 0.371453 0.547611 0.383099 0.567907 0.341875 0.619657 0.332094 0.620074 0.330229 0.571213
12 0.413391 0.892685 0.443307 0.849083 0.443307 0.820824 0.427948 0.777704 0.406927 0.761417 0.389141 0.778185 0.381594 0.803093 0.373510 0.834231 0.380516 0.852444 0.386177 0.846213 0.394797 0.854833 0.403151 0.876398
14 0.346240 0.977528 0.379385 0.931537 0.377229 0.880278 0.346505 0.840509 0.337885 0.840509 0.308240 0.885065 0.310125 0.937287
4 0.089906 0.663296 0.119276 0.704019 0.136526 0.695398 0.137604 0.680546 0.132750 0.659944 0.140839 0.649407 0.135177 0.632639 0.136526 0.610602 0.132484 0.597185 0.120625 0.590000 0.107693 0.594787 0.100146 0.623537 0.097448 0.657074
4 0.079958 0.405194 0.076969 0.387167 0.068911 0.373537 0.069693 0.354361 0.067094 0.337500 0.063453 0.332870 0.056047 0.328481 0.043052 0.334491 0.036682 0.345120 0.037724 0.366833 0.033307 0.391787 0.033307 0.404963 0.053839 0.404963 0.058125 0.412120 0.058844 0.442250 0.078646 0.421130
4 0.056953 0.700639 0.060609 0.704352 0.067396 0.698167 0.075396 0.701259 0.083052 0.711778 0.084620 0.742704 0.095406 0.776111 0.087750 0.794046 0.074354 0.809824 0.060260 0.804250 0.057651 0.800231 0.055911 0.795907 0.055740 0.741157 0.050865 0.729093 0.051734 0.720435
4 0.334521 0.684065 0.343917 0.678806 0.358359 0.687463 0.362359 0.717157 0.371229 0.756130 0.359573 0.777778 0.348615 0.785824 0.333828 0.782111 0.317818 0.759222 0.321823 0.745306 0.328781 0.721176 0.325302 0.696741 0.329651 0.686222
4 0.329922 0.331139 0.325953 0.352306 0.317292 0.410667 0.334250 0.442731 0.351927 0.433750 0.364552 0.418361 0.370328 0.400407 0.362391 0.376676 0.359141 0.343963 0.353010 0.328574 0.342547 0.327287
3 0.099234 0.246685 0.098536 0.274213 0.104276 0.280398 0.096797 0.315963 0.117500 0.343491 0.135073 0.323083 0.135073 0.308546 0.142729 0.297722 0.133854 0.291222 0.141859 0.272667 0.142203 0.251019 0.137505 0.242667 0.131943 0.252565 0.130026 0.241426 0.123766 0.225343 0.115062 0.243593 0.102885 0.238028
3 0.274635 0.874130 0.303219 0.834407 0.296172 0.820093 0.302615 0.786444 0.296375 0.771065 0.281880 0.752454 0.260948 0.766046 0.256922 0.792537 0.260542 0.813648 0.256516 0.849435
3 0.412557 0.516648 0.438427 0.480241 0.431422 0.463472 0.433036 0.425148 0.412021 0.396398 0.388844 0.417963 0.391807 0.468259 0.399891 0.473056 0.403125 0.489824 0.397734 0.504194
1 0.093016 0.547704 0.106396 0.536213 0.106698 0.520435 0.110307 0.512685 0.117974 0.511889 0.115417 0.495583 0.118125 0.469111 0.091813 0.432222 0.067604 0.468046 0.070458 0.493972 0.069708 0.512148 0.078578 0.534074
1 0.210052 0.434620 0.237802 0.470657 0.265240 0.429083 0.258380 0.401361 0.262750 0.380852 0.238427 0.345935 0.212547 0.379750 0.215354 0.408019
1 0.449844 0.696194 0.475411 0.662194 0.500573 0.692620 0.497552 0.720528 0.502990 0.750944 0.491958 0.762685 0.480745 0.772667 0.448620 0.751204 0.452964 0.729731
1 0.281266 0.569019 0.304979 0.539787 0.329505 0.571407 0.330583 0.621231 0.302552 0.658602 0.296896 0.648065 0.289620 0.628417 0.286115 0.619315 0.285849 0.593444 0.280458 0.589611
0 0.675146 0.717056 0.709906 0.668667 0.687271 0.628898 0.670563 0.615963 0.659516 0.623148 0.651427 0.645667 0.641187 0.671537
