1 0.304167 0.414824 0.299974 0.442157 0.309057 0.454991 0.311385 0.429731 0.318141 0.428074 0.324896 0.440083 0.327458 0.447120 0.332349 0.441741 0.327458 0.412343 0.312083 0.411102 0.309755 0.413583
0 0.207281 0.554759 0.233161 0.517657 0.256953 0.550306 0.229818 0.589639
0 0.250693 0.609667 0.275734 0.577019 0.299526 0.605963 0.270729 0.643065
0 0.497161 0.725417 0.516182 0.699361 0.536760 0.734287 0.512750 0.764222 0.500901 0.745926
0 0.324922 0.365389 0.347682 0.337676 0.372312 0.374259 0.346438 0.404194
0 0.453599 0.537944 0.477297 0.509120 0.493823 0.537398 0.472620 0.571759
1 0.346641 0.287028 0.366854 0.259241 0.364698 0.215167 0.348260 0.201269 0.333708 0.217556 0.329932 0.253009 0.330474 0.264509
1 0.597656 0.569185 0.610000 0.549315 0.625141 0.568361 0.628167 0.609352 0.610469 0.629639 0.593229 0.610593 0.597656 0.586574
1 0.564583 0.611009 0.578094 0.590722 0.593932 0.612667 0.592766 0.626741 0.588109 0.635435 0.587641 0.650759 0.590438 0.659454 0.578557 0.673120 0.562255 0.649519 0.564583 0.626741
1 0.484146 0.689630 0.502411 0.666741 0.497542 0.641380 0.499802 0.629630 0.486578 0.607352 0.476839 0.614778 0.467443 0.631787 0.466745 0.668593
1 0.435573 0.839361 0.439615 0.821157 0.436651 0.807741 0.453625 0.786185 0.470604 0.811093 0.471953 0.843194
2 0.420760 0.236444 0.441292 0.207454 0.463031 0.240019 0.441089 0.272944
2 0.603750 0.477509 0.621344 0.448907 0.643000 0.474296 0.621948 0.509583
2 0.449667 0.426000 0.475052 0.387907 0.499510 0.426417 0.473891 0.457472
2 0.525214 0.692009 0.545010 0.658528 0.570125 0.689435 0.559021 0.701454 0.549359 0.722926
3 0.389714 0.346324 0.406865 0.317500 0.404057 0.285352 0.395635 0.270380 0.374745 0.279806 0.373500 0.311954 0.378490 0.329139
3 0.549760 0.505407 0.555375 0.503750 0.562234 0.494324 0.575328 0.520380 0.574396 0.557519 0.560052 0.571370 0.538849 0.535898 0.544458 0.522593 0.545396 0.504306
3 0.438646 0.571120 0.425979 0.609454 0.441609 0.632444 0.458047 0.611843 0.451849 0.602259 0.449964 0.578306
3 0.311693 0.269407 0.317734 0.280500 0.323573 0.269407 0.329005 0.272981 0.333839 0.291954 0.317932 0.324519 0.302234 0.302685 0.304646 0.272269
4 0.518536 0.518546 0.537870 0.487907 0.523198 0.456852 0.519005 0.422481 0.512714 0.425796 0.506661 0.453954 0.492682 0.482528 0.499906 0.501981
4 0.425208 0.401778 0.439672 0.403028 0.454792 0.377352 0.445708 0.354167 0.439672 0.347537 0.437089 0.314417 0.428937 0.309861 0.422646 0.336361 0.410771 0.367833 0.411958 0.383981
4 0.524885 0.184287 0.502479 0.248713 0.511349 0.265287 0.532552 0.275713 0.547286 0.253787 0.541573 0.231333 0.533604 0.220907 0.532250 0.192574
4 0.600745 0.283991 0.594427 0.286667 0.590370 0.319546 0.578042 0.343611 0.583453 0.361519 0.602849 0.373815 0.613677 0.369269 0.621797 0.349491 0.613677 0.327037 0.606609 0.320352 0.603901 0.291481
5 0.374500 0.476000 0.359802 0.508926 0.376917 0.538981 0.395234 0.514648 0.389599 0.490676 0.390203 0.468481 0.385370 0.461324
5 0.544984 0.279250 0.559771 0.260389 0.577521 0.304000 0.559427 0.322861 0.555948 0.308944 0.545505 0.300907 0.543245 0.303685
6 0.286068 0.281361 0.292307 0.288157 0.302375 0.349713 0.295125 0.366889 0.274193 0.366889 0.265536 0.338611 0.272781 0.316787 0.277010 0.294602
6 0.408932 0.823963 0.420573 0.830167 0.425234 0.814852 0.428495 0.817333 0.432688 0.826444 0.437578 0.817333 0.435714 0.796222 0.431755 0.776343 0.429891 0.753565 0.425698 0.753981 0.423135 0.743630 0.415917 0.744870 0.412656 0.756056 0.410792 0.782972 0.404740 0.798704
7 0.486854 0.336611 0.507604 0.303074 0.498979 0.286306 0.493052 0.262352 0.474188 0.268583 0.466911 0.292056 0.459880 0.297806 0.462844 0.307870
7 0.551318 0.430611 0.577188 0.461269 0.602786 0.427250 0.587964 0.387972 0.568021 0.380787 0.562635 0.398509 0.562094 0.413361
10 0.502885 0.316861 0.526036 0.286083 0.539927 0.308630 0.545969 0.303259 0.555026 0.307907 0.558646 0.321870 0.560661 0.376981 0.548182 0.405963 0.527849 0.421352 0.491417 0.371972 0.495844 0.356935 0.495641 0.342981 0.497656 0.321509
11 0.633359 0.242157 0.656422 0.276944 0.657354 0.300954 0.631729 0.334907 0.606344 0.305509 0.611469 0.266593
11 0.645240 0.319176 0.663406 0.291019 0.683672 0.315861 0.686932 0.336565 0.685766 0.347333 0.665271 0.376731 0.654557 0.374657 0.637786 0.345259 0.641979 0.324148
11 0.678781 0.357685 0.694151 0.334083 0.715349 0.359750 0.719536 0.384185 0.696016 0.421861 0.667599 0.387083 0.672724 0.368037
11 0.708594 0.399500 0.725594 0.375491 0.743995 0.398259 0.750750 0.429315 0.739568 0.451259 0.726760 0.463685 0.700208 0.430148
12 0.122969 0.394250 0.138333 0.400954 0.147760 0.434009 0.145609 0.457963 0.134286 0.467546 0.110302 0.446463 0.113271 0.400472
12 0.137255 0.365500 0.151536 0.341065 0.168516 0.341065 0.179292 0.362630 0.184682 0.395204 0.179833 0.406222 0.158812 0.432093 0.143990 0.421556 0.139677 0.399037 0.133750 0.393769
12 0.167438 0.340111 0.174443 0.311843 0.189266 0.298426 0.204625 0.303694 0.211901 0.330046 0.216479 0.353528 0.214323 0.365019 0.210552 0.362148 0.206510 0.377000 0.187375 0.393287 0.183068 0.381315 0.178484 0.360713
12 0.200526 0.281991 0.210453 0.261407 0.222479 0.255528 0.234057 0.260074 0.242932 0.281722 0.248193 0.308991 0.245786 0.323157 0.241125 0.322889 0.238870 0.331176 0.223984 0.348556 0.215714 0.346685 0.214661 0.341870 0.204885 0.303111 0.197823 0.297759
13 0.436016 0.696963 0.451620 0.675852 0.469323 0.689509 0.464432 0.699861 0.460708 0.714361 0.465599 0.725120 0.470255 0.724713 0.477708 0.731333 0.468391 0.753694 0.451156 0.767769 0.429964 0.736306
14 0.722651 0.475111 0.746635 0.442056 0.773854 0.479426 0.775740 0.514880 0.748526 0.545537 0.743943 0.541704 0.741250 0.525898 0.728583 0.523981 0.719687 0.511046
1 0.305797 0.397019 0.316047 0.382944 0.331885 0.402407 0.313250 0.402407 0.311156 0.399917
8 0.511380 0.593352 0.522427 0.575630 0.517844 0.553593 0.510302 0.517176 0.503833 0.510472 0.497901 0.516222 0.496286 0.543046 0.491974 0.568917 0.494937 0.581380 0.499792 0.589519
8 0.393839 0.441204 0.405714 0.425463 0.401755 0.401037 0.396865 0.397306 0.398729 0.379917 0.395000 0.359630 0.387083 0.355491 0.381958 0.362111 0.380328 0.384472 0.374505 0.416769 0.379396 0.433333
1 0.412151 0.437269 0.432365 0.411398 0.452578 0.439667 0.456349 0.483741 0.435870 0.501463 0.428323 0.492361 0.408922 0.483741
7 0.154042 0.485222 0.180719 0.518759 0.204703 0.489056 0.205781 0.481870 0.179911 0.436361 0.164010 0.465583
