0 0.239021 0.443065 0.258120 0.412426 0.270698 0.423602 0.281646 0.450102 0.255557 0.482815 0.238089 0.457972
0 0.410771 0.675491 0.432474 0.642102 0.446667 0.663620 0.447922 0.681426 0.429969 0.711111 0.412438 0.689593
0 0.586724 0.534139 0.603974 0.506352 0.627417 0.541324 0.604781 0.574380 0.589958 0.551861
0 0.760005 0.302741 0.774823 0.277352 0.803391 0.311843 0.777521 0.344898 0.760005 0.320463
1 0.578479 0.000000 0.586401 0.021565 0.559182 0.045519 0.541396 0.017259 0.544312 0.000000
1 0.476708 0.121546 0.492547 0.099185 0.509547 0.123204 0.503260 0.126102 0.483229 0.124444 0.483229 0.132722 0.491615 0.135620 0.507219 0.134380 0.509781 0.155500 0.505120 0.152185 0.495339 0.148046 0.490682 0.166259 0.489984 0.172889 0.475078 0.156324 0.479036 0.141417
14 0.539234 0.453120 0.559437 0.424259 0.583609 0.451194 0.585052 0.481981 0.566292 0.508278 0.543927 0.495454 0.540318 0.487111
13 0.387849 0.000000 0.398396 0.024185 0.373859 0.056889 0.344641 0.017130 0.348208 0.000000
12 0.375042 0.278028 0.384703 0.263713 0.394974 0.254769 0.395172 0.242954 0.387724 0.229361 0.384505 0.215046 0.373031 0.200731 0.359344 0.207167 0.352901 0.225065 0.346859 0.244389 0.351490 0.253333
12 0.549911 0.212435 0.558526 0.202491 0.572036 0.207880 0.584146 0.238935 0.584146 0.247630 0.562953 0.279509 0.556896 0.279509 0.551307 0.271231 0.550609 0.243898 0.542224 0.231065
12 0.587245 0.392917 0.600990 0.373046 0.621484 0.382981 0.631500 0.428944 0.619385 0.435157 0.608672 0.458343 0.600057 0.459167 0.579328 0.425222
12 0.338266 0.472389 0.361641 0.436769 0.346198 0.388537 0.326995 0.384083 0.318229 0.407824 0.311552 0.436028
11 0.475260 0.316852 0.456938 0.341333 0.452719 0.368796 0.468583 0.394028 0.476552 0.392537 0.498260 0.370278 0.492375 0.339111
11 0.464198 0.075676 0.446250 0.100907 0.444578 0.130593 0.467120 0.159528 0.478807 0.143944 0.474635 0.120204 0.485068 0.103870 0.482146 0.092000
11 0.578990 0.076806 0.603786 0.113213 0.628036 0.084954 0.621302 0.046148 0.604323 0.028417 0.588964 0.045185
11 0.325651 0.026120 0.298432 0.067315 0.320797 0.112833 0.332385 0.109481 0.352865 0.076898 0.346401 0.047194
9 0.441615 0.228454 0.467589 0.192537 0.472641 0.187407 0.485990 0.226528 0.483099 0.236796 0.486708 0.255389 0.464703 0.283611 0.445219 0.251546
8 0.674786 0.275417 0.691474 0.255630 0.681250 0.200028 0.672380 0.201102 0.663510 0.216074 0.661104 0.251889 0.659599 0.258306
8 0.259005 0.276157 0.272979 0.252556 0.263661 0.201620 0.254812 0.201620 0.245266 0.223157 0.243865 0.255870
8 0.466995 0.477954 0.479516 0.503926 0.478682 0.546222 0.466995 0.553648 0.454057 0.531380 0.452385 0.490565
7 0.510281 0.041685 0.496089 0.076565 0.516125 0.108472 0.540333 0.083991 0.532823 0.053565
7 0.598354 0.274704 0.583328 0.309574 0.602948 0.335546 0.622984 0.314028 0.619229 0.288796
7 0.404260 0.426824 0.422625 0.397139 0.446417 0.432019 0.423875 0.463926 0.411771 0.452796
7 0.303510 0.187278 0.325156 0.217426 0.336703 0.217426 0.345724 0.195620 0.338870 0.159056 0.329125 0.164194 0.319385 0.161630
6 0.650568 0.079472 0.633974 0.098704 0.631807 0.145528 0.645156 0.155787 0.659589 0.149380 0.664276 0.133981 0.661391 0.118593 0.658146 0.093574
6 0.273422 0.377861 0.285552 0.397981 0.301448 0.401333 0.309536 0.383130 0.301182 0.330907 0.288516 0.324685 0.283125 0.340491
5 0.628469 0.195333 0.637089 0.195741 0.646635 0.241704 0.632432 0.264889 0.614031 0.242120 0.619620 0.224315
5 0.299234 0.227870 0.287130 0.248657 0.288385 0.272398 0.299234 0.285759 0.316349 0.260528 0.311760 0.241231
4 0.369380 0.088250 0.359599 0.090324 0.357271 0.116407 0.353313 0.147046 0.364724 0.158648 0.377531 0.163611 0.388948 0.142500 0.387083 0.128000 0.381724 0.116407 0.381260 0.100676 0.379865 0.090324
4 0.556307 0.085852 0.547891 0.098602 0.544458 0.143500 0.555995 0.161241 0.567224 0.158463 0.579380 0.142389 0.575328 0.122435 0.572208 0.114676 0.570964 0.090843
4 0.556193 0.319361 0.570745 0.321278 0.575328 0.350981 0.582604 0.366315 0.571016 0.383083 0.564547 0.390750 0.545953 0.378296 0.546490 0.358167 0.549458 0.347148 0.549724 0.331824
4 0.408135 0.261546 0.402359 0.275019 0.397313 0.312861 0.407411 0.326963 0.420042 0.334667 0.426896 0.326324 0.424005 0.305806 0.427974 0.298750 0.425089 0.291056 0.424370 0.264759
4 0.381797 0.332102 0.392620 0.341722 0.398396 0.385333 0.386849 0.403926 0.370974 0.398796 0.360151 0.377639 0.369891 0.334667
3 0.416198 0.018259 0.400833 0.029278 0.397599 0.087731 0.414578 0.101139 0.432635 0.076713 0.430208 0.037426
3 0.603458 0.136454 0.592953 0.146037 0.589448 0.197296 0.601302 0.214537 0.623672 0.194417 0.620979 0.148426 0.610469 0.135972
3 0.495422 0.423361 0.517766 0.449481 0.536286 0.423361 0.533464 0.384713 0.522594 0.366454 0.505687 0.376833
3 0.314250 0.319463 0.334464 0.344852 0.354672 0.317065 0.351708 0.280176 0.341469 0.261009 0.324219 0.270111
2 0.221089 0.063630 0.239953 0.038722 0.261781 0.070815 0.256120 0.096685 0.248307 0.086148 0.245073 0.099083 0.227557 0.088546
2 0.672828 0.422083 0.696000 0.455139 0.712979 0.432620 0.703547 0.397648 0.691688 0.385194
2 0.313427 0.547481 0.333880 0.513352 0.352667 0.537093 0.351828 0.554907 0.341812 0.579398
1 0.283417 0.074843 0.302745 0.098028 0.301349 0.136537 0.284115 0.154750 0.265250 0.133639 0.266646 0.095537
1 0.380193 0.178037 0.397172 0.155037 0.413339 0.178991 0.416302 0.221157 0.395016 0.237917 0.387198 0.224028 0.379922 0.204389
1 0.518437 0.247028 0.536224 0.225463 0.550240 0.247500 0.551854 0.284870 0.537031 0.305472 0.518708 0.297806 0.517630 0.277204
1 0.421990 0.336972 0.439667 0.361343 0.455901 0.342741 0.456620 0.300417 0.440026 0.275398 0.428120 0.298491 0.423792 0.303620 0.426318 0.327991
1 0.648661 0.306722 0.629698 0.327444 0.628302 0.369194 0.650052 0.388065 0.665016 0.364250 0.665708 0.329296
1 0.355729 0.496815 0.379422 0.518435 0.402495 0.486287 0.395016 0.451361 0.377865 0.429750 0.362896 0.451917
0 0.142885 0.174870 0.118901 0.206491 0.144771 0.240028 0.164172 0.211287 0.164172 0.199306 0.152047 0.175833
0 0.667031 0.080444 0.693172 0.113028 0.714464 0.079491 0.707187 0.056491 0.687781 0.044037 0.679698 0.056009
