0 0.096891 0.560454 0.144016 0.499278 0.194885 0.579074 0.144016 0.638917
1 0.631271 0.722833 0.680047 0.786370 0.729792 0.716824 0.718688 0.627528 0.681016 0.588037 0.645276 0.626676
2 0.728391 0.591546 0.781708 0.493991 0.804781 0.506185 0.821932 0.598759 0.805094 0.641435 0.776099 0.661398
3 0.294714 0.847509 0.321932 0.808704 0.313307 0.769898 0.320042 0.741630 0.353729 0.721509 0.382562 0.760315 0.387682 0.855648 0.335135 0.859481
4 0.626323 0.993250 0.655125 0.945009 0.658047 0.891583 0.671823 0.878222 0.705214 0.888611 0.729005 0.991019 0.703755 1.000000 0.649823 1.000000
4 0.271224 0.939981 0.295474 1.000000 0.276557 1.000000 0.207469 0.996648 0.218578 0.936546
6 0.893802 0.874806 0.861062 0.878130 0.848823 1.000000 0.887995 1.000000 0.905651 0.998972 0.904406 0.979019 0.887568 0.977907 0.882578 0.970148 0.882578 0.888667 0.892245 0.879796
7 0.585500 0.933880 0.635932 0.854574 0.608776 0.797102 0.569339 0.781009 0.533130 0.851120 0.553177 0.855722 0.558349 0.898250
10 0.384995 0.619463 0.466578 0.730722 0.541458 0.624426 0.517427 0.586676 0.506255 0.533037 0.470490 0.448593 0.420755 0.523102 0.400078 0.577741
11 0.107047 0.792120 0.145031 0.740176 0.189276 0.795093 0.194286 0.832194 0.110802 0.830713
11 0.723781 0.861630 0.782224 0.938593 0.825516 0.881509 0.828401 0.849444 0.818302 0.787231 0.780062 0.741694 0.740016 0.791722 0.733880 0.842389
13 0.190474 0.729083 0.249568 0.810204 0.304177 0.733074 0.277250 0.651944 0.243583 0.596083 0.215906 0.646620
0 0.953750 0.803037 0.964229 0.784824 1.000000 0.797213 1.000000 0.895398 0.993807 0.896620 0.987286 0.885435 0.945365 0.881713 0.927896 0.853556 0.937443 0.838648 0.986125 0.834926 0.989385 0.810491 0.954448 0.806769
11 0.421109 0.936824 0.414010 0.963546 0.442802 1.000000 0.471318 1.000000 0.491234 0.998417 0.488729 0.967991 0.482885 0.953898 0.495411 0.937574
