1 0.126781 0.389157 0.180625 0.461139 0.177286 0.474500 0.182297 0.555389 0.143474 0.547222 0.121354 0.622917 0.073349 0.565028 0.078776 0.453722
12 0.292318 0.762972 0.317464 0.718269 0.348760 0.708333 0.382286 0.732176 0.398495 0.805685 0.416932 0.847407 0.401286 0.858343 0.310203 0.859333 0.308526 0.844435 0.287292 0.815620
11 0.040958 0.320870 0.059312 0.323444 0.103260 0.389556 0.107125 0.414454 0.077182 0.454806 0.073318 0.553546 0.048203 0.570722 0.005219 0.522639 0.011500 0.505463 0.055448 0.507185 0.057380 0.410167 0.051583 0.406731 0.016813 0.402435 0.011016 0.423037 0.011500 0.496019 0.004740 0.520926 0.000000 0.507583 0.000000 0.383639
11 0.477516 0.181796 0.527714 0.247204 0.539875 0.329241 0.532078 0.366380 0.475333 0.438444 0.396448 0.340333 0.417958 0.290444 0.422016 0.241111
9 0.008276 0.777120 0.027057 0.723685 0.053771 0.694000 0.068802 0.668769 0.089255 0.711815 0.099271 0.765981 0.093427 0.794185 0.103448 0.829806 0.107203 0.854287 0.098437 0.875065 0.095932 0.833509 0.093010 0.829806 0.013703 0.828315 0.008276 0.840935 0.011198 0.867648 0.000000 0.849213 0.000000 0.781796
8 0.635927 0.868074 0.685104 0.928676 0.734833 0.869065 0.713042 0.826352 0.713599 0.737935 0.702427 0.695222 0.671130 0.714093 0.652130 0.763769
7 0.432693 0.998815 0.442833 0.948157 0.461188 0.941296 0.512380 0.958463 0.525901 0.998815
7 0.130839 0.330574 0.130839 0.330574 0.209078 0.442185 0.290219 0.334000 0.240953 0.249000 0.205698 0.224963 0.180104 0.238704
6 0.533240 0.512120 0.599187 0.602926 0.672896 0.498324 0.630224 0.370741 0.612120 0.353500 0.588844 0.363843 0.559104 0.453500
5 0.560526 0.897065 0.602552 0.836139 0.571516 0.739593 0.568281 0.695917 0.551474 0.683269 0.536604 0.699361 0.537896 0.749935 0.526901 0.772926 0.543068 0.776370 0.524964 0.797065 0.538542 0.806259 0.534661 0.836139 0.517203 0.841889 0.526901 0.856833 0.549531 0.854537 0.554057 0.862583 0.552766 0.897065
4 0.264771 0.513519 0.339651 0.601935 0.408385 0.501602 0.369266 0.377417 0.332943 0.354574 0.315062 0.368481
3 0.470521 0.774093 0.542047 0.673759 0.516901 0.550574 0.480578 0.495935 0.434198 0.535676 0.416875 0.680713
1 0.312375 0.942806 0.321427 0.968093 0.282734 1.000000 0.217000 1.000000 0.206344 0.999130 0.205052 0.937065
1 0.263948 0.777926 0.311927 0.849759 0.307240 0.860019 0.205865 0.849759
1 0.363542 0.000000 0.393672 0.032963 0.392839 0.155407 0.336490 0.228130 0.273875 0.142796 0.291406 0.025546 0.308521 0.001056 0.323505 0.000000
0 0.664464 0.330917 0.743188 0.429648 0.811766 0.335204 0.781344 0.270815 0.726766 0.225306
