12 0.154078 0.217444 0.169104 0.208537 0.178286 0.179602 0.195401 0.175889 0.205422 0.158824 0.199161 0.124685 0.185802 0.103167 0.182047 0.066065 0.158672 0.034157 0.132792 0.031185 0.107745 0.052704 0.100651 0.068287 0.139885 0.068287 0.142391 0.085352 0.141141 0.091296 0.098563 0.092037 0.093969 0.123204 0.088125 0.131361 0.091047 0.149176 0.090630 0.162528 0.107745 0.175148 0.139885 0.226352
12 0.061786 0.702907 0.118224 0.625861 0.117911 0.598694 0.101698 0.574861 0.095151 0.531620 0.079250 0.505019 0.058984 0.494481 0.058359 0.506676 0.048693 0.509454 0.027490 0.507787 0.012214 0.551028 0.006911 0.577074 0.000052 0.598694 0.000000 0.600491 0.000000 0.632019 0.047135 0.694593
12 0.735557 0.666454 0.763568 0.615796 0.784333 0.595194 0.789651 0.555694 0.773229 0.540241 0.761156 0.485287 0.731208 0.457815 0.704646 0.474130 0.682432 0.519630 0.665526 0.579731 0.672286 0.611500 0.718651 0.667315
14 0.622797 0.807769 0.674766 0.739231 0.675323 0.649815 0.614974 0.577296 0.559651 0.657769 0.558531 0.739231
8 0.351755 0.797481 0.355724 0.753870 0.380979 0.719241 0.393604 0.722444 0.401182 0.755157 0.403708 0.814157 0.419578 0.857769 0.354641 0.855852 0.351396 0.845583
0 0.731880 0.964435 0.785823 0.879620 0.757135 0.851352 0.746849 0.812546 0.724708 0.795370 0.709745 0.800907 0.700703 0.833065 0.701016 0.848028 0.681370 0.865213 0.682615 0.874083 0.691661 0.898472 0.689167 0.906787
1 0.247562 -0.000000 0.244953 0.018759 0.251661 0.067630 0.203156 0.122722 0.184292 0.091102 0.181594 0.064278 0.166234 0.039361 0.167042 0.019241 0.166792 0.000000
1 0.503391 0.242528 0.546714 0.307528 0.603776 0.234657 0.590266 0.189111 0.593297 0.145630 0.555563 0.089324 0.511078 0.141491 0.517833 0.187037
3 0.458500 0.591083 0.509578 0.657750 0.563240 0.571546 0.539964 0.541657 0.552250 0.501426 0.539318 0.469250 0.530911 0.479593 0.524448 0.446259 0.517979 0.440509 0.500526 0.476139 0.478542 0.464648 0.476604 0.497981 0.485005 0.539361 0.481125 0.562352
1 0.777719 0.445481 0.838625 0.502972 0.849943 0.485722 0.849135 0.461769 0.856411 0.462250 0.881745 0.433981 0.872042 0.397574 0.876891 0.348231 0.847250 0.304630 0.834313 0.294093 0.802516 0.332417 0.790656 0.353500 0.799281 0.393741 0.788229 0.428231
1 0.110339 0.761167 0.159911 0.820481 0.216036 0.747861 0.201693 0.719593 0.205750 0.665824 0.166458 0.612056 0.162406 0.609287 0.123745 0.660278 0.124677 0.709065
1 0.265776 0.379287 0.317953 0.455722 0.349677 0.400065 0.355104 0.377806 0.360531 0.367417 0.354271 0.337731 0.358443 0.284306 0.312948 0.228648 0.284979 0.271694 0.276214 0.290241 0.280385 0.325861 0.276630 0.360000
2 0.892922 0.581472 0.953271 0.660944 0.978417 0.637102 0.991271 0.593389 0.979536 0.564583 0.973391 0.529815 0.963891 0.506963 0.942656 0.494046 0.930359 0.514907 0.908010 0.543722
3 0.002083 0.335639 0.058104 0.406037 0.116062 0.329630 0.083703 0.286694 0.091911 0.254065 0.089016 0.219722 0.074526 0.225731 0.071630 0.214574 0.034922 0.218009 0.027677 0.227454 0.025266 0.237759 0.037339 0.243769 0.046031 0.246343 0.081286 0.248917 0.076943 0.266093 0.071630 0.272954 0.036370 0.272102 0.028646 0.284120 0.031057 0.296139
4 0.253146 0.175556 0.278292 0.196417 0.285557 0.258009 0.286115 0.273907 0.274380 0.290796 0.279411 0.322583 0.277177 0.354370 0.262646 0.364306 0.244208 0.360333 0.224089 0.342454 0.206208 0.302713 0.221854 0.248074 0.226323 0.190454
4 0.570354 0.441657 0.582635 0.470398 0.614318 0.507176 0.629833 0.495685 0.665396 0.450852 0.658281 0.412926 0.647292 0.395685 0.649229 0.342806 0.631776 0.320972 0.609146 0.317519 0.592333 0.339361 0.587807 0.400278 0.577464 0.441657
4 0.160302 0.532083 0.181552 0.539815 0.210526 0.489157 0.199422 0.437639 0.191693 0.429056 0.194589 0.389556 0.185417 0.363796 0.165615 0.350056 0.144365 0.359509 0.129875 0.385259 0.137120 0.423037 0.123115 0.468546 0.126495 0.492583 0.135667 0.512333
5 0.794427 0.011000 0.779943 0.018722 0.781875 0.059935 0.767385 0.094287 0.753380 0.138074 0.791531 0.183574 0.835964 0.131204 0.815682 0.088269 0.810849 0.077111 0.806021 0.068528 0.791047 0.067667 0.788151 0.044481 0.793948 0.037611 0.804089 0.038472 0.806021 0.021306
7 0.667359 0.300944 0.724422 0.377139 0.777760 0.302602 0.758896 0.279833 0.752604 0.264509 0.759359 0.247120 0.754234 0.230972 0.737932 0.240083 0.716271 0.216481 0.701135 0.228491 0.704396 0.260370
7 0.216661 0.611157 0.268339 0.680704 0.280896 0.678991 0.319052 0.625759 0.313740 0.577676 0.289104 0.566509 0.288625 0.537324 0.266891 0.531315 0.262063 0.556213 0.238396 0.560500 0.233568 0.595704
8 0.870198 0.087509 0.872281 0.140194 0.867693 0.166167 0.894406 0.206981 0.924875 0.198074 0.933641 0.167648 0.926130 0.126843 0.920286 0.126093 0.921953 0.091222
9 0.402120 0.002074 0.425786 0.075907 0.421437 0.100806 0.427234 0.142880 0.421437 0.184954 0.388599 0.229602 0.365896 0.221870 0.327745 0.153185 0.328708 0.125704 0.326297 0.079343 0.354792 0.087926 0.356719 0.055306 0.380385 0.014944 0.390047 0.018380 0.391578 0.000000 0.399063 0.000000
11 0.338370 0.443991 0.393911 0.522981 0.459109 0.440556 0.441240 0.370148 0.400188 0.317778 0.355755 0.381315
12 0.626021 0.225222 0.683010 0.146231 0.663693 0.109306 0.656932 0.068954 0.637609 0.032889 0.605255 0.027741 0.580141 0.063806 0.571927 0.104157 0.576760 0.123907 0.592214 0.146231 0.596078 0.208046 0.612500 0.234667
