10 0.492073 0.554065 0.522120 0.593815 0.550766 0.557787 0.543078 0.522593 0.521188 0.494435 0.500922 0.523009 0.497198 0.543296
14 0.461271 0.483926 0.482406 0.455657 0.502333 0.485713 0.503745 0.510407 0.482406 0.538685 0.473349 0.528306 0.470531 0.511130 0.462073 0.499676
13 0.540438 0.506926 0.564229 0.539574 0.577172 0.512861 0.582177 0.507667 0.576333 0.480213 0.561307 0.465370 0.550875 0.479472
12 0.431339 0.548083 0.452536 0.575250 0.462516 0.565824 0.463141 0.544759 0.470938 0.532565 0.471557 0.519815 0.468750 0.508731 0.457214 0.496537 0.447552 0.502083 0.441000 0.515380 0.434766 0.535889
12 0.474719 0.617167 0.499641 0.649880 0.507563 0.643250 0.519906 0.624204 0.514318 0.608056 0.513151 0.591083 0.504068 0.577833 0.495219 0.575759 0.486833 0.581556 0.480078 0.601843 0.477281 0.611787
12 0.524797 0.624620 0.545063 0.650704 0.570682 0.616750 0.565792 0.608056 0.559969 0.586944 0.550651 0.576593 0.541568 0.577417 0.532714 0.588185 0.527823 0.607231
12 0.471703 0.404667 0.494109 0.433009 0.519969 0.399324 0.515010 0.388898 0.512755 0.373926 0.507042 0.360028 0.497865 0.356556 0.490349 0.359222 0.482979 0.370185 0.480422 0.383556 0.477266 0.392907
11 0.572510 0.455009 0.588010 0.434972 0.605318 0.457157 0.609948 0.484361 0.593443 0.509769 0.589620 0.504037 0.582370 0.505111 0.576734 0.480417 0.571703 0.472546
11 0.610552 0.551639 0.605120 0.535528 0.602906 0.520861 0.589016 0.503324 0.586198 0.505472 0.575328 0.518000 0.571500 0.531241 0.576536 0.534463 0.579552 0.546630 0.580562 0.570241 0.586396 0.575972 0.590625 0.570241 0.594047 0.563444
11 0.551708 0.434250 0.569797 0.408889 0.562495 0.376102 0.545964 0.357546 0.531526 0.379815 0.525958 0.401463
11 0.440411 0.455278 0.456500 0.435222 0.473193 0.455806 0.473344 0.466769 0.459510 0.484407 0.461161 0.496972 0.454698 0.495639 0.446427 0.502324 0.443120 0.496972 0.443120 0.492167 0.439661 0.488685 0.438609 0.477463 0.437703 0.476389
9 0.527870 0.497917 0.542776 0.473491 0.538354 0.452370 0.537188 0.434565 0.527406 0.409306 0.526010 0.419241 0.523911 0.418833 0.512964 0.429593 0.511802 0.443676 0.501318 0.442435 0.503417 0.460648 0.503182 0.474315 0.517625 0.493361 0.522047 0.492944
8 0.576901 0.598287 0.585281 0.580481 0.579464 0.568889 0.578760 0.545287 0.575734 0.534519 0.568516 0.532454 0.564786 0.545287 0.560365 0.550667 0.557333 0.572611 0.565255 0.584620
8 0.470833 0.597778 0.483500 0.581491 0.480536 0.547954 0.474875 0.531667 0.466792 0.538852 0.462750 0.550833 0.461672 0.581019 0.466250 0.590120
8 0.523745 0.338083 0.534875 0.320704 0.530661 0.307343 0.531411 0.288093 0.526901 0.269648 0.522240 0.266704 0.515776 0.275259 0.512620 0.285417 0.511417 0.313759 0.509010 0.319907 0.521188 0.336741
7 0.409693 0.516194 0.432099 0.544528 0.440365 0.516731 0.445177 0.506037 0.443526 0.504435 0.443073 0.494009 0.438865 0.490796 0.439016 0.480111 0.435104 0.479306 0.434500 0.483046 0.424125 0.484917 0.418115 0.506037
7 0.612911 0.483500 0.621182 0.489583 0.631448 0.516426 0.614318 0.538972 0.605078 0.533241 0.603469 0.520361 0.596224 0.510343 0.602042 0.499241 0.604453 0.488870
7 0.516448 0.339528 0.527719 0.338815 0.539193 0.358139 0.538589 0.369593 0.530536 0.382111 0.525708 0.392852 0.516245 0.390704 0.512422 0.373528 0.507589 0.355278
7 0.522568 0.682759 0.542094 0.656630 0.539276 0.643750 0.522969 0.623713 0.519547 0.624065 0.507672 0.644463 0.505052 0.658778
6 0.581625 0.364796 0.592573 0.349065 0.590036 0.324222 0.587448 0.296472 0.576505 0.293167 0.570682 0.299370 0.567906 0.324222 0.565578 0.343269 0.572802 0.352370
6 0.452875 0.324750 0.452271 0.344074 0.460526 0.355880 0.475422 0.349444 0.477234 0.332981 0.473208 0.299694 0.465760 0.293259 0.455896 0.297556 0.454083 0.314370
5 0.442000 0.596250 0.456818 0.615417 0.468677 0.600565 0.464906 0.588583 0.458167 0.570380 0.451161 0.577083
5 0.582401 0.593852 0.593177 0.610139 0.609615 0.587630 0.606115 0.578519 0.609349 0.574694 0.607729 0.559361 0.598297 0.561278 0.591292 0.564630 0.588057 0.576611
4 0.427792 0.665611 0.436875 0.666028 0.447818 0.655676 0.446656 0.633731 0.443161 0.630417 0.441531 0.610546 0.439203 0.603917 0.429187 0.598537 0.421969 0.605157 0.419870 0.619648 0.418240 0.637454 0.414745 0.646981
4 0.518125 0.763796 0.526833 0.766796 0.538656 0.749704 0.537359 0.735843 0.532292 0.728213 0.533203 0.712509 0.530083 0.700259 0.521635 0.698185 0.513188 0.701880 0.510719 0.717361 0.511625 0.726833 0.506427 0.747852
4 0.597979 0.653463 0.603547 0.663093 0.606099 0.661481 0.610615 0.667898 0.618880 0.666833 0.628354 0.652926 0.628057 0.635019 0.623094 0.628602 0.623542 0.614704 0.621740 0.602944 0.613469 0.599194 0.603844 0.602407 0.601740 0.618981 0.600839 0.633148
4 0.626641 0.424935 0.641677 0.446315 0.652505 0.450324 0.662130 0.434287 0.660776 0.416380 0.655510 0.409694 0.656562 0.395796 0.654911 0.384296 0.645740 0.379491 0.637620 0.382963 0.634010 0.407556 0.632057 0.421991
4 0.382594 0.429907 0.391318 0.447546 0.402594 0.447815 0.415224 0.430176 0.413271 0.414935 0.409208 0.410389 0.409661 0.394889 0.406802 0.383120 0.398385 0.379648 0.391318 0.383120 0.386958 0.405315 0.386161 0.417611
3 0.624224 0.617500 0.636339 0.631167 0.653339 0.608806 0.647984 0.595139 0.652875 0.578574 0.647984 0.566981 0.646354 0.570713 0.641927 0.557463 0.635641 0.563259 0.623526 0.566157 0.627255 0.589759 0.627953 0.598861
3 0.389010 0.609176 0.406245 0.631954 0.420687 0.611250 0.418823 0.599241 0.422318 0.576880 0.418589 0.565287 0.415563 0.569843 0.410672 0.553694 0.403682 0.567352 0.393667 0.564454 0.393437 0.586398 0.397859 0.590954 0.395297 0.607102
3 0.422667 0.413648 0.438844 0.390759 0.433625 0.379324 0.439891 0.363852 0.436755 0.348389 0.431365 0.350861 0.426839 0.336639 0.419708 0.349315 0.412750 0.344991 0.409615 0.361694 0.414141 0.370037 0.410141 0.394787
3 0.606385 0.394787 0.621000 0.412722 0.635792 0.391074 0.635615 0.384269 0.631964 0.380250 0.637182 0.360139 0.632656 0.347769 0.628484 0.352102 0.624307 0.336639 0.617870 0.347769 0.609521 0.344991 0.607432 0.358907 0.612474 0.374370 0.610734 0.385815
2 0.652021 0.454509 0.672354 0.482426 0.681208 0.479204 0.690068 0.465963 0.684432 0.448074 0.682620 0.443056 0.679401 0.424093 0.669333 0.421231 0.665307 0.432685 0.659672 0.438407
2 0.559156 0.666593 0.581260 0.694389 0.598104 0.671139 0.595844 0.659102 0.592839 0.656963 0.590885 0.638519 0.581714 0.632907 0.572391 0.642000
2 0.445406 0.665898 0.466745 0.694176 0.478823 0.681648 0.484458 0.668046 0.477615 0.656602 0.477615 0.643361 0.466745 0.634407 0.458495 0.637991 0.450240 0.656241
1 0.478776 0.709296 0.497406 0.731241 0.511380 0.712611 0.512547 0.697704 0.510448 0.674519 0.496474 0.655880 0.483432 0.673685 0.482266 0.692731
1 0.591271 0.725861 0.605245 0.739935 0.622245 0.715917 0.617354 0.701426 0.620151 0.687769 0.605245 0.665824 0.588240 0.684454 0.590802 0.701843 0.590573 0.709713 0.592667 0.714676
1 0.652057 0.592120 0.660214 0.599157 0.680010 0.575972 0.676047 0.561472 0.676979 0.541602 0.662073 0.523380 0.645771 0.545324 0.647167 0.558991 0.650427 0.570583 0.654156 0.578454 0.651594 0.589222
1 0.669135 0.387907 0.687328 0.409833 0.703120 0.389250 0.700260 0.373204 0.701766 0.356102 0.687328 0.336852 0.671089 0.357167 0.673495 0.375074
1 0.556547 0.224759 0.572047 0.205435 0.586943 0.225833 0.588552 0.258398 0.570635 0.280944 0.556547 0.258759
1 0.479469 0.225796 0.498995 0.249065 0.515297 0.222935 0.512682 0.190370 0.497583 0.173194 0.483089 0.191083
1 0.332531 0.400778 0.349531 0.422306 0.366766 0.399954 0.364438 0.383806 0.364906 0.365167 0.349297 0.348194 0.334625 0.364759 0.334391 0.382972
1 0.359370 0.554565 0.374682 0.534157 0.389818 0.554259 0.390859 0.586731 0.374682 0.608694 0.357281 0.589519
0 0.504490 0.832194 0.510542 0.840056 0.523818 0.851241 0.541755 0.830120 0.533135 0.821426 0.531271 0.807759 0.522656 0.799481 0.512641 0.812315
0 0.625490 0.337380 0.646224 0.363509 0.664943 0.343111 0.660318 0.330583 0.657901 0.328796 0.658906 0.315556 0.648844 0.301954 0.637167 0.318769
0 0.529297 0.228602 0.547156 0.254556 0.556250 0.244176 0.556927 0.223611 0.559172 0.220815 0.555917 0.216222 0.555693 0.200648 0.549401 0.195454 0.542661 0.194454 0.536708 0.217222 0.531427 0.222009
0 0.453927 0.262546 0.473245 0.288306 0.491781 0.262148 0.484703 0.250167 0.479089 0.229194 0.471562 0.226204 0.465609 0.230796 0.464036 0.248370 0.459542 0.254157
0 0.369943 0.351157 0.389177 0.378889 0.409714 0.352083 0.407896 0.341222 0.403344 0.337991 0.401135 0.326667 0.386839 0.313731 0.378391 0.326667 0.377484 0.337528
0 0.425339 0.731361 0.440437 0.751759 0.454729 0.730639 0.458552 0.722056 0.451505 0.710954 0.447682 0.695213 0.440635 0.690204 0.431979 0.700222 0.428156 0.712389 0.423526 0.715972
0 0.534115 0.698491 0.548552 0.674889 0.568818 0.709259 0.548323 0.737824 0.541333 0.735343 0.532714 0.724157 0.532714 0.713398 0.531786 0.704704
2 0.356464 0.456259 0.373172 0.477824 0.382333 0.479259 0.393922 0.460093 0.385297 0.444759 0.381797 0.428954 0.372901 0.421769 0.363203 0.435657
