4 0.260781 0.817704 0.268578 0.833222 0.286349 0.837111 0.303807 0.818815 0.302250 0.817704
4 0.264521 0.755620 0.298198 0.757843 0.294766 0.740657 0.278240 0.732343 0.269510 0.737333
4 0.639495 0.807778 0.653984 0.830102 0.674271 0.841269 0.687792 0.822380 0.686344 0.785454 0.683443 0.781167 0.676203 0.736519 0.659781 0.729648 0.651568 0.740806 0.644807 0.770861 0.641911 0.794046
3 0.599125 0.755593 0.625422 0.787500 0.648797 0.747435 0.640870 0.734074 0.649214 0.705880 0.644625 0.685843 0.636693 0.691037 0.632104 0.667287 0.620417 0.683611 0.606641 0.678417 0.604969 0.700685 0.610396 0.727398 0.607891 0.743722
11 0.576333 0.816852 0.598698 0.843083 0.552521 0.844370
11 0.516807 0.816148 0.544224 0.775167 0.533760 0.728278 0.508870 0.698139 0.499849 0.721870 0.486141 0.728926 0.479646 0.765481 0.484698 0.778306
12 0.394927 0.768806 0.432078 0.814815 0.469229 0.764352 0.460458 0.742093 0.456286 0.720574 0.440005 0.697565 0.422896 0.700537 0.412875 0.716861 0.405365 0.742833
0 0.234000 0.686463 0.268292 0.730250 0.298719 0.684741 0.287609 0.659843 0.264911 0.624639 0.252354 0.646963 0.246073 0.671009
1 0.408448 0.496537 0.435495 0.528306 0.460125 0.493963 0.456745 0.471639 0.459156 0.439009 0.433078 0.405528 0.409896 0.441583 0.410859 0.475074
1 0.548990 0.576389 0.576036 0.545481 0.571688 0.519722 0.573620 0.492241 0.548021 0.459620 0.522427 0.493963 0.523391 0.519722 0.523391 0.543759
1 0.699203 0.747472 0.727891 0.784056 0.752833 0.746917 0.748781 0.724194 0.750651 0.694815 0.727266 0.665435 0.703260 0.695370 0.704818 0.724750
1 0.204969 0.682731 0.229599 0.713769 0.228979 0.741491 0.232094 0.756454 0.178151 0.757565 0.182208 0.737611 0.180333 0.714324
2 0.678792 0.839046 0.690380 0.813657 0.700620 0.794972 0.717328 0.802639 0.723526 0.831861 0.720026 0.840963
2 0.229661 0.817037 0.240266 0.814824 0.245875 0.809278 0.247125 0.802074 0.255542 0.809278 0.256792 0.828130 0.265833 0.843093 0.218750 0.839769
3 0.345406 0.750796 0.335667 0.732194 0.343604 0.710389 0.339635 0.684093 0.332417 0.689222 0.324120 0.665491 0.313297 0.686657 0.299948 0.681528 0.296703 0.711667 0.304641 0.725778 0.298870 0.754000 0.338552 0.756565
9 0.498240 0.840194 0.493646 0.806056 0.480286 0.774889 0.477365 0.791954 0.469016 0.791213 0.453990 0.817926 0.454828 0.830546 0.434792 0.834259 0.436042 0.840935 0.463172 0.843157
8 0.477302 0.665815 0.494979 0.645287 0.486682 0.619639 0.487042 0.583074 0.477661 0.556139 0.465755 0.559991 0.457823 0.583074 0.450604 0.643370 0.470089 0.667093
7 0.474995 0.758556 0.487260 0.736750 0.487260 0.727769 0.497719 0.720713 0.495198 0.709167 0.497719 0.698907 0.480042 0.669407 0.466698 0.666843 0.447214 0.696343 0.449740 0.706602 0.456234 0.721352 0.459839 0.737389 0.462005 0.745731
6 0.540542 0.657167 0.542219 0.684981 0.571833 0.698898 0.583010 0.686972 0.575187 0.599556 0.555625 0.593593 0.545568 0.619417
6 0.365078 0.652204 0.359490 0.683000 0.381839 0.701870 0.402516 0.684981 0.403073 0.656176 0.395250 0.605509 0.384635 0.595574 0.370661 0.604519
0 0.670115 0.712222 0.697646 0.671009 0.683641 0.652972 0.685089 0.635806 0.671083 0.614333 0.655146 0.629796 0.643068 0.651259 0.634375 0.668426 0.651281 0.693324
0 0.427651 0.549444 0.410120 0.519769 0.408453 0.502694 0.394677 0.496019 0.381734 0.509380 0.380068 0.533120 0.365042 0.546481 0.397182 0.591750
