7 0.133901 0.756019 0.156250 0.719259 0.145635 0.705352 0.147870 0.682500 0.117693 0.650713 0.098135 0.670583 0.081932 0.710315 0.084167 0.736148 0.105401 0.760981
7 0.329500 0.489167 0.353510 0.455907 0.343219 0.439833 0.348833 0.423204 0.329187 0.393269 0.298323 0.404352 0.291151 0.436500 0.282729 0.462556 0.299880 0.483620 0.310484 0.476417 0.318589 0.474194
9 0.178245 0.725991 0.204125 0.748991 0.219151 0.757157 0.242526 0.760120 0.276339 0.726731 0.273833 0.708176 0.265484 0.702241 0.259641 0.665139 0.254635 0.658454 0.257135 0.645102 0.246703 0.606509 0.240026 0.602065 0.240443 0.627287 0.233344 0.616157 0.215813 0.636194 0.213729 0.648065 0.208719 0.659944 0.193271 0.663648 0.196615 0.695565
10 0.436714 0.752593 0.456198 0.719241 0.449344 0.696148 0.449344 0.665361 0.450786 0.630731 0.442125 0.612130 0.428781 0.605074 0.420120 0.613417 0.399917 0.584556 0.366005 0.626241 0.352297 0.633935 0.346885 0.669852 0.352656 0.696148 0.345802 0.721806 0.350854 0.740407 0.358432 0.744250 0.366005 0.730139 0.378271 0.746176 0.387292 0.780167 0.402802 0.787222
11 0.492453 0.553833 0.522396 0.515991 0.529250 0.496111 0.518427 0.471741 0.515182 0.439667 0.510495 0.429407 0.502917 0.433259 0.488484 0.410167 0.488484 0.390926 0.477302 0.388361 0.469724 0.419787 0.463594 0.435824 0.450969 0.431972 0.448443 0.480074 0.444833 0.488417 0.449161 0.501880 0.449161 0.525611 0.470807 0.557037
11 0.104656 0.502324 0.144729 0.553528 0.176870 0.531269 0.173531 0.498620 0.186469 0.500843 0.183964 0.465222 0.176870 0.437028 0.148484 0.393981 0.124693 0.433315 0.106328 0.474870
12 0.602953 0.717981 0.647880 0.775630 0.680000 0.751796 0.683115 0.720204 0.692781 0.703019 0.684677 0.675861 0.674667 0.641491 0.659729 0.623194 0.640401 0.624306 0.626026 0.634833 0.612651 0.681954
12 0.322797 0.324259 0.342755 0.308731 0.357094 0.271593 0.354292 0.240556 0.344313 0.231130 0.341818 0.195657 0.326542 0.179583 0.305958 0.180685 0.285380 0.208963 0.271036 0.271037 0.287255 0.305407 0.311885 0.329796
12 -0.000000 0.630806 0.011964 0.655185 0.026307 0.721148 0.007286 0.761056 0.000000 0.762546
13 0.276964 0.708176 0.296604 0.684889 0.318432 0.709278 0.327161 0.730343 0.329344 0.758065 0.268234 0.756398 0.271661 0.734222
14 0.295297 0.660222 0.331776 0.703463 0.348615 0.687944 0.347370 0.659120 0.354542 0.625861 0.374495 0.614213 0.372312 0.587611 0.332089 0.534954 0.293740 0.590935
3 0.215714 0.817444 0.212208 0.835167 0.216521 0.841398 0.179063 0.840917 0.178521 0.816963
8 0.316620 0.475759 0.329979 0.492824 0.328724 0.537352 0.298255 0.586333 0.293661 0.555157 0.304516 0.540324 0.302010 0.489120 0.306604 0.479472
0 0.673776 0.634259 0.687125 0.609250 0.727167 0.611815 0.730052 0.638111 0.723922 0.650296 0.720672 0.672741 0.700469 0.706093 0.684958 0.677231
0 0.605229 0.833722 0.636615 0.793315 0.628318 0.772796 0.622906 0.759963 0.586109 0.734954 0.578172 0.754833 0.569875 0.779204 0.568068 0.795880 0.594047 0.829231
0 0.370786 0.391269 0.374214 0.369657 0.385437 0.353583 0.400406 0.353028 0.401339 0.336954 0.387307 0.322537 0.379516 0.312009 0.372344 0.279852 0.354880 0.281519 0.350828 0.303139 0.354573 0.309231 0.333990 0.336398 0.331495 0.352472 0.349896 0.356352 0.356130 0.361343 0.361120 0.387944
0 0.240547 0.194713 0.249589 0.183074 0.253953 0.167556 0.265177 0.167000 0.285755 0.191944 0.287312 0.209120 0.271724 0.243491 0.262995 0.244602 0.236177 0.213556
1 0.061437 0.429648 0.095729 0.470009 0.131469 0.421065 0.123740 0.388435 0.124708 0.351519 0.095729 0.320611 0.070615 0.359250 0.069646 0.392731
1 0.751589 0.756778 0.783948 0.716426 0.777672 0.683796 0.776703 0.647741 0.748208 0.609102 0.723094 0.651167 0.723578 0.676074 0.719234 0.719000
1 0.533109 0.467731 0.564323 0.426741 0.559198 0.385750 0.558964 0.355935 0.532411 0.324880 0.504698 0.359657 0.506563 0.388231 0.501203 0.427157 0.511682 0.432537 0.517505 0.445787
1 0.321021 0.175870 0.349083 0.133741 0.342536 0.068880 0.316031 0.034519 0.289219 0.067222 0.285786 0.105472 0.286099 0.145935
2 0.068172 0.564287 0.097813 0.599167 0.128281 0.565028 0.117010 0.542028 0.113255 0.542769 0.102818 0.510120 0.086958 0.510861 0.078193 0.542028
2 0.081036 0.839361 0.089979 0.827444 0.108417 0.825454 0.116802 0.838370
2 0.505911 0.564287 0.535854 0.604694 0.563271 0.563000 0.553891 0.544407 0.547401 0.509769 0.527557 0.509130 0.517094 0.537352
3 0.201286 0.601694 0.229255 0.557907 0.218818 0.551231 0.220490 0.521546 0.208802 0.486667 0.200870 0.502250 0.190854 0.501509 0.187094 0.505222 0.174990 0.500769 0.181250 0.537130 0.171651 0.564583
3 0.402188 0.565630 0.428484 0.602731 0.468141 0.556722 0.454786 0.538907 0.446854 0.524815 0.449359 0.504037 0.434750 0.469898 0.425563 0.486222 0.411792 0.484741 0.415130 0.521843 0.408453 0.550787
3 0.458094 0.839287 0.444089 0.804944 0.432500 0.813528 0.409797 0.815250 0.410281 0.842722
4 0.232260 0.435407 0.221151 0.397630 0.211495 0.387324 0.206667 0.342676 0.197969 0.326361 0.184448 0.355556 0.175271 0.395907 0.167547 0.420806 0.177203 0.441417 0.187828 0.478333 0.211010 0.479194
4 0.512432 0.835491 0.525844 0.775889 0.540370 0.780852 0.557693 0.840454
4 0.432964 0.329611 0.441984 0.347574 0.446672 0.384769 0.463990 0.425815 0.463990 0.432870 0.451365 0.432231 0.450281 0.462380 0.443427 0.473917 0.435490 0.468787 0.420339 0.468787 0.399052 0.439287 0.410234 0.405935 0.408792 0.391185 0.414203 0.388620 0.419615 0.367454 0.423943 0.340519
5 0.274182 0.572694 0.287703 0.595880 0.292536 0.636231 0.266453 0.677444 0.256797 0.661991 0.259208 0.647389 0.252448 0.621639 0.244724 0.601028 0.260661 0.569259
5 0.352375 0.757806 0.366380 0.730333 0.375073 0.744926 0.380385 0.759528
6 0.391333 0.185889 0.389891 0.232065 0.367521 0.248093 0.345875 0.232704 0.342630 0.205769 0.344073 0.171130 0.350203 0.156380 0.352729 0.123676 0.369688 0.112769 0.378344 0.114056 0.383755 0.139065 0.385557 0.164083
7 0.479240 0.724222 0.512208 0.772907 0.554120 0.724222 0.540151 0.702370 0.525062 0.666611 0.508297 0.653694 0.497682 0.671574 0.487620 0.678528
