7 0.752693 0.355843 0.770224 0.346935 0.800698 0.404074 0.787339 0.434500 0.760625 0.456019 0.753948 0.442667 0.728901 0.412241 0.735995 0.394426 0.736417 0.366972
11 0.835385 0.314000 0.874505 0.357787 0.920385 0.313139 0.923286 0.277935 0.916521 0.271926 0.913625 0.241880 0.882714 0.204954 0.866776 0.229000 0.849391 0.243593 0.845526 0.282231
11 0.307557 0.314000 0.341365 0.359509 0.365510 0.350917 0.375172 0.325157 0.389661 0.308852 0.387729 0.275361 0.383380 0.268491 0.382896 0.243593 0.366479 0.230713 0.351990 0.203241 0.340880 0.210963 0.333635 0.234148 0.315281 0.241880 0.312385 0.279657
10 0.498365 0.325935 0.556385 0.390500 0.601464 0.323713 0.588104 0.245046 0.548870 0.193102 0.508380 0.243565 0.500448 0.282898
9 0.556635 0.436019 0.598844 0.492454 0.641776 0.428963 0.627344 0.384704 0.629510 0.344944 0.607865 0.296843 0.604255 0.335324 0.598844 0.330194 0.580443 0.356491 0.575396 0.378296 0.561323 0.380861 0.559161 0.407796
8 0.491391 0.525852 0.483042 0.491713 0.484714 0.452389 0.472193 0.422704 0.455911 0.429380 0.445057 0.465000 0.440885 0.507296 0.447146 0.530306 0.478036 0.562954
8 0.678187 0.506111 0.676516 0.445259 0.697802 0.427454 0.712828 0.426713 0.715750 0.457130 0.714083 0.496463 0.722016 0.519472 0.698635 0.555083 0.684026 0.544694 0.676932 0.528370
8 0.641578 0.264417 0.660359 0.294102 0.688745 0.259222 0.682484 0.233991 0.681651 0.183528 0.672885 0.155333 0.653266 0.165722 0.644083 0.185759 0.644083 0.235481
7 0.577990 0.219491 0.612625 0.261824 0.644370 0.228472 0.647979 0.205380 0.636437 0.187426 0.633547 0.156639 0.616953 0.140602 0.609016 0.153435 0.591339 0.162407
7 0.586146 0.590333 0.597833 0.607407 0.614531 0.611852 0.617453 0.654898 0.589901 0.698676 0.573620 0.694972 0.544401 0.651185 0.553167 0.626694 0.566526 0.614083 0.574042 0.590333
7 0.395635 0.453944 0.428615 0.496241 0.442802 0.487333 0.454073 0.443556 0.458667 0.410907 0.447396 0.394574 0.434458 0.404963 0.418594 0.393833 0.410245 0.432426
6 0.888078 0.410250 0.890974 0.457472 0.907880 0.470352 0.937339 0.464343 0.940719 0.412824 0.930578 0.346713 0.913193 0.332111 0.900151 0.348426 0.891458 0.382769
6 0.308474 0.458417 0.307505 0.400028 0.302677 0.340787 0.279010 0.330481 0.269354 0.357963 0.259208 0.406037 0.264042 0.427509 0.265005 0.466139 0.287703 0.472157
5 0.446844 0.363796 0.450703 0.344046 0.444911 0.323444 0.452156 0.304556 0.474370 0.330315 0.486927 0.362083 0.486443 0.389556 0.485964 0.419611 0.476302 0.429056 0.468573 0.422185 0.458917 0.423898 0.458432 0.404148 0.435250 0.388694
5 0.715500 0.437917 0.728859 0.414907 0.753906 0.443852 0.758911 0.474278 0.728859 0.512120 0.711328 0.494315
4 0.235693 0.696509 0.261771 0.701657 0.284469 0.669889 0.278193 0.628676 0.271911 0.620093 0.270948 0.584889 0.268047 0.565139 0.250661 0.559991 0.233760 0.566861 0.226995 0.597769 0.222167 0.642417 0.216854 0.663019
4 0.906167 0.654583 0.915104 0.675444 0.950307 0.680417 0.965958 0.645648 0.962047 0.611870 0.954781 0.596972 0.952547 0.557231 0.945281 0.537361 0.911750 0.542333 0.910078 0.564185 0.907839 0.593991 0.898339 0.636704
4 0.925948 0.158759 0.927391 0.167731 0.916208 0.215194 0.923063 0.234435 0.941099 0.256241 0.957698 0.253676 0.982948 0.220324 0.977896 0.190185 0.969964 0.176713 0.969964 0.156194 0.931000 0.157472
4 0.818812 0.001278 0.797526 0.036898 0.767052 0.028741 0.752505 0.000000 0.780427 0.000000
4 0.288333 0.153870 0.289302 0.201954 0.304271 0.238009 0.282057 0.270639 0.256943 0.274074 0.233760 0.236296 0.241484 0.201093 0.246797 0.148722 0.268531 0.138417
3 0.389875 0.601843 0.400313 0.624102 0.363995 0.674565 0.337281 0.632259 0.351891 0.603324 0.342708 0.563250 0.343958 0.539500 0.359406 0.547667 0.372760 0.519472 0.382365 0.545444 0.392797 0.545444 0.400313 0.569926 0.390708 0.590704
3 0.724354 0.679676 0.762505 0.722611 0.799214 0.667657 0.786172 0.643611 0.798245 0.609269 0.790036 0.578361 0.783271 0.586093 0.767818 0.552602 0.756708 0.586093 0.744151 0.576648 0.734979 0.619574 0.744635 0.641037
3 0.798484 0.235759 0.827542 0.273509 0.864422 0.223833 0.852688 0.199991 0.863302 0.172176 0.855479 0.139398 0.846542 0.147343 0.837599 0.114565 0.826984 0.142380 0.806307 0.139398 0.806307 0.171185 0.813010 0.205954
3 0.436156 0.140194 0.460745 0.185889 0.502094 0.133241 0.486448 0.114361 0.495948 0.082574 0.481417 0.074620 0.481417 0.048796 0.473036 0.032898 0.462422 0.046806 0.442302 0.044824 0.438391 0.087537 0.447891 0.113370
2 0.148214 0.428194 0.189703 0.482065 0.207016 0.462185 0.202688 0.425630 0.210266 0.412796 0.206656 0.406389 0.196917 0.370472 0.180682 0.360852 0.164448 0.380731 0.153625 0.405102
1 0.849323 0.627657 0.881792 0.667417 0.884318 0.703333 0.862672 0.702694 0.859786 0.716157 0.858703 0.768750 0.848599 0.780935 0.812885 0.743102 0.815771 0.666139
1 0.936953 0.370852 0.966172 0.406130 0.999005 0.355463 0.993229 0.326602 0.996479 0.283630 0.962203 0.248991 0.931901 0.289398 0.935870 0.324676 0.931542 0.352250
1 0.350234 0.158407 0.384224 0.114611 0.380172 0.085231 0.383286 0.044769 0.351172 0.006519 0.316562 0.046435 0.321240 0.078028 0.314068 0.121269
1 0.233646 0.541537 0.269411 0.487889 0.263823 0.429278 0.233089 0.381593 0.201234 0.426296 0.206823 0.458083 0.200677 0.491861
0 0.195073 0.367231 0.215359 0.401574 0.235161 0.378398 0.252062 0.405870 0.268000 0.374963 0.265104 0.354352 0.258823 0.346630 0.253510 0.308852 0.229365 0.307130 0.209078 0.320870
0 0.295417 0.752778 0.329641 0.700093 0.346755 0.707509 0.371385 0.756481
0 0.396302 0.842352 0.406646 0.809019 0.430568 0.813611 0.446083 0.841204
0 0.799859 0.840194 0.770641 0.788991 0.754365 0.794185 0.728068 0.843157 0.785667 0.842417
0 0.933266 0.483333 0.949130 0.431380 0.966661 0.422481 0.997547 0.455130 1.000000 0.500574 1.000000 0.510056 0.970417 0.557537 0.927839 0.501139
0 0.863536 0.039204 0.821688 0.099491 0.866781 0.153370 0.903219 0.114889 0.885182 0.109111 0.863896 0.106546 0.865339 0.078333 0.893120 0.078333 0.890234 0.061657 0.866062 0.058444
0 0.396917 0.000000 0.388792 0.015204 0.431292 0.067583 0.471375 0.017778 0.468042 0.000000
14 0.644542 0.371435 0.698401 0.424630 0.743286 0.364787 0.743286 0.304944 0.697656 0.243769 0.656510 0.300954 0.652771 0.339519
13 0.602396 0.571444 0.646536 0.625296 0.692411 0.563750 0.676833 0.529898 0.673370 0.491426 0.644807 0.460648 0.624031 0.489889 0.615375 0.529898
12 0.625437 0.787639 0.681042 0.837065 0.731474 0.776139 0.715953 0.746259 0.710781 0.709472 0.682979 0.684185 0.655828 0.704880 0.642896 0.750852
12 0.507120 0.829019 0.532333 0.792231 0.527807 0.753157 0.518755 0.748556 0.511646 0.711778 0.487724 0.687639 0.457333 0.697981 0.443755 0.747407 0.438583 0.774991 0.479318 0.839361 0.500005 0.822120
12 0.744391 0.163139 0.759870 0.121019 0.768531 0.079000 0.754563 0.020583 0.740031 0.006870 0.710135 0.007769 0.694656 0.048898 0.682589 0.102139 0.724104 0.152806
12 0.520302 0.131370 0.563286 0.079000 0.541068 0.000000 0.507917 -0.000000 0.491323 0.000870 0.482630 0.040361 0.518370 0.047231 0.522234 0.081574 0.494219 0.091019 0.495188 0.121074 0.511125 0.141676
11 0.319927 0.468917 0.354010 0.511630 0.357922 0.548389 0.343953 0.537463 0.342833 0.568259 0.347307 0.599056 0.325510 0.618926 0.317130 0.618926 0.273542 0.561306 0.282484 0.540444 0.284161 0.502694 0.298693 0.497722 0.308188 0.475870
11 0.805057 0.571491 0.834516 0.618713 0.848521 0.617861 0.891021 0.567204 0.884745 0.541444 0.880880 0.507954 0.847073 0.464167 0.830167 0.495074 0.813750 0.510528 0.812297 0.544019
