2 0.125427 0.414778 0.173755 0.465769 0.198703 0.435287 0.190281 0.409787 0.186229 0.396481 0.185292 0.367102 0.173755 0.352694 0.158792 0.352139 0.136964 0.394269
2 0.629234 0.470630 0.671276 0.527167 0.701995 0.481648 0.683401 0.452426 0.683401 0.426074 0.673969 0.407398 0.659146 0.409315 0.651333 0.425602 0.631391 0.460574
0 0.517109 0.120046 0.547156 0.081537 0.541802 0.062074 0.536906 0.058352 0.535276 0.038889 0.493818 0.036815 0.492188 0.045926 0.504302 0.043444 0.506865 0.052556 0.519906 0.051306 0.519208 0.078222 0.504766 0.084852 0.480313 0.077806 0.481245 0.084852 0.509427 0.122111
4 0.426625 0.380241 0.440969 0.395204 0.462484 0.398537 0.481193 0.373593 0.478385 0.341435 0.469656 0.328139 0.469969 0.301528 0.467474 0.281574 0.451885 0.269935 0.435984 0.274926 0.432552 0.295435 0.433490 0.321481 0.422260 0.356407
4 0.708047 0.175370 0.718870 0.210639 0.741599 0.222824 0.758193 0.211926 0.770099 0.183065 0.762885 0.152917 0.757833 0.145861 0.756750 0.113157 0.753505 0.093917 0.728250 0.085574 0.720672 0.100324 0.719594 0.116361 0.714901 0.149713
0 0.474359 0.627435 0.508172 0.576241 0.542818 0.616306 0.532380 0.629667 0.525286 0.663806 0.518609 0.663806 0.503161 0.652667 0.504417 0.671963 0.478536 0.646731
5 0.414995 0.288537 0.393167 0.255000 0.405026 0.232481 0.409068 0.214759 0.415266 0.207093 0.419307 0.199907 0.443828 0.199907 0.444906 0.217148 0.441135 0.226731 0.438708 0.226731 0.445984 0.247815
5 0.405875 0.113574 0.418552 0.128241 0.448146 0.092454 0.428823 0.049870 0.425599 0.040213 0.401849 0.038065 0.399026 0.057389 0.403859 0.071343 0.404667 0.087444 0.404667 0.105694
6 0.717182 0.252796 0.714385 0.294194 0.703906 0.308278 0.672229 0.305796 0.669432 0.258176 0.672927 0.243269 0.678516 0.196065 0.682010 0.194824 0.689229 0.186130 0.696917 0.185713 0.700646 0.197306 0.710661 0.200620 0.710891 0.226296
6 0.717083 0.052630 0.715474 0.095926 0.706214 0.106306 0.677625 0.105593 0.669573 0.087343 0.670380 0.059787 0.673599 0.043324 0.675745 0.000000 0.710849 0.000000 0.711448 0.029722
7 0.336641 0.297352 0.373078 0.343528 0.412760 0.292861 0.391839 0.268491 0.390396 0.245407 0.355036 0.247324 0.341693 0.286454
7 0.412547 0.681463 0.447536 0.727639 0.461969 0.720583 0.488307 0.682750 0.485781 0.663509 0.472073 0.650676 0.473151 0.628870 0.438521 0.618611 0.432385 0.630157 0.432750 0.650037 0.420844 0.660935
7 0.341005 0.057398 0.375010 0.105009 0.380370 0.095491 0.381536 0.057398 0.380135 0.044565 0.386427 0.042907 0.390620 0.034213 0.393411 0.033380 0.392479 0.022611 0.375245 0.001083 0.362203 0.008954 0.356380 0.006880 0.352422 0.020130 0.358708 0.028407 0.346365 0.044565
8 0.438661 0.564741 0.456703 0.573713 0.472937 0.557685 0.470052 0.521769 0.468245 0.473667 0.462833 0.461481 0.455620 0.442241 0.442630 0.448648 0.435417 0.467250 0.427120 0.487130 0.431448 0.505731 0.429646 0.535231 0.430005 0.541648 0.432531 0.553194
8 0.128583 0.208583 0.140458 0.196778 0.140661 0.166000 0.134016 0.148824 0.137641 0.126278 0.136031 0.108741 0.125964 0.082259 0.114089 0.081898 0.111474 0.096935 0.104427 0.111250 0.099594 0.125204 0.101203 0.163139 0.097583 0.173870 0.102214 0.182102 0.118719 0.201426
9 0.588172 0.073963 0.582812 0.115361 0.562786 0.124472 0.564182 0.159667 0.583516 0.163398 0.583516 0.172917 0.585609 0.184509 0.574432 0.186167 0.573964 0.199833 0.595391 0.225093 0.608203 0.223019 0.606339 0.202315 0.617750 0.180787 0.619615 0.195694 0.639177 0.180370 0.636849 0.150565 0.625901 0.123648 0.621479 0.092593 0.615656 0.062778 0.607271 0.068574
10 0.267427 0.050333 0.226464 0.107343 0.230776 0.153815 0.220807 0.168667 0.225115 0.187352 0.241854 0.223759 0.274729 0.241491 0.304370 0.206037 0.318896 0.183037 0.319708 0.163880 0.310573 0.153333 0.314318 0.103509 0.285750 0.070454
11 0.353297 0.755546 0.376958 0.756472 0.395401 0.739157 0.398010 0.719361 0.391573 0.684102 0.390182 0.665546 0.357651 0.629667 0.329984 0.670491 0.324417 0.716889 0.342859 0.743481
11 0.050844 0.201417 0.065812 0.183685 0.082651 0.180907 0.105724 0.210843 0.103229 0.225806 0.076411 0.271815 0.080464 0.295657 0.075479 0.310620 0.062068 0.304519 0.034943 0.259620 0.041490 0.229685 0.086078 0.225806 0.084208 0.206963 0.049286 0.208074
12 0.553063 0.746306 0.602125 0.686593 0.589141 0.659083 0.581562 0.628870 0.563526 0.611556 0.549453 0.609630 0.531417 0.630796 0.526005 0.665491 0.533943 0.682750 0.535026 0.709750 0.542240 0.745602
12 0.693469 0.383009 0.734313 0.434009 0.745536 0.431796 0.779214 0.386889 0.778901 0.361398 0.770484 0.340333 0.760193 0.304852 0.746786 0.288222 0.726521 0.289333 0.715292 0.305963 0.703755 0.340889 0.695651 0.373037
12 0.865302 0.104954 0.856141 0.138481 0.846708 0.166269 0.844286 0.193102 0.862068 0.200287 0.879854 0.232389 0.896833 0.231907 0.910036 0.210824 0.927016 0.187352 0.928365 0.164352 0.927016 0.158611 0.896833 0.155250 0.897370 0.127463 0.917047 0.126991 0.913813 0.109741 0.869885 0.107824
13 0.157583 0.221157 0.184297 0.264935 0.200578 0.267907 0.218109 0.239704 0.226875 0.223380 0.231469 0.227833 0.228547 0.192954 0.219781 0.176630 0.217693 0.152139 0.194734 0.124685 0.166766 0.159565 0.169271 0.178111 0.158417 0.189991
14 0.424141 0.168296 0.464714 0.224102 0.506729 0.168296 0.503349 0.157130 0.504312 0.119352 0.466646 0.068694 0.428974 0.120213 0.429453 0.151981
3 0.272083 0.394500 0.298380 0.432352 0.332187 0.382630 0.322172 0.370019 0.329266 0.339593 0.321339 0.305454 0.315073 0.318074 0.305474 0.290611 0.294203 0.312880 0.278344 0.307685 0.276672 0.330685 0.283354 0.355917 0.281266 0.373722
3 0.559385 0.340806 0.586063 0.373380 0.619750 0.324991 0.607354 0.306787 0.616516 0.279954 0.610854 0.257917 0.602505 0.260315 0.590917 0.229657 0.580943 0.254083 0.567469 0.249778 0.562620 0.273250 0.570432 0.301037 0.566661 0.317806
0 0.018745 0.143083 0.010125 0.151231 0.007156 0.175185 0.000000 0.185593 0.000000 0.210769 0.008234 0.213509 0.020365 0.225009 0.024677 0.206324 0.034646 0.203444 0.040844 0.223093 0.038958 0.232194 0.044078 0.223093 0.042193 0.207759 0.058901 0.193389 0.059708 0.186204 0.043536 0.185722 0.036260 0.189074 0.034104 0.196259 0.027641 0.200093 0.019286 0.187157 0.019823 0.175185 0.027906 0.162250 0.035995 0.159370 0.038687 0.183806 0.043000 0.182852 0.042458 0.164639 0.050005 0.163685 0.045693 0.153620 0.041115 0.152185 0.039229 0.146435 0.033568 0.151231 0.026021 0.151704
3 0.581859 0.046648 0.602880 0.071556 0.632255 0.025565 0.622370 0.000000 0.583323 0.000000 0.584016 0.018861
0 0.516969 0.321898 0.552224 0.276389 0.543531 0.261796 0.538219 0.225731 0.497651 0.212000 0.486542 0.254065 0.474948 0.272954 0.507792 0.319324
0 0.207495 0.466463 0.238484 0.417120 0.250073 0.421907 0.258693 0.447306 0.275672 0.476528 0.272437 0.494250 0.255729 0.509102 0.252229 0.500481 0.261927 0.487065 0.259234 0.465509 0.251417 0.463593 0.244141 0.450657 0.235786 0.448259 0.230667 0.461676 0.229589 0.469343 0.224469 0.483231 0.230667 0.497130 0.235786 0.500963 0.239562 0.507667 0.234708 0.516287 0.207224 0.482278
1 0.393109 0.668204 0.421172 0.630519 0.416495 0.602796 0.420234 0.570648 0.390615 0.530741 0.361307 0.566769 0.364109 0.597806 0.361620 0.629963
1 0.535969 0.515185 0.576391 0.565491 0.613849 0.517102 0.600375 0.448120 0.571000 0.411231 0.542167 0.447639 0.542432 0.482611
1 0.814604 0.308028 0.844651 0.267861 0.837896 0.237639 0.841625 0.205343 0.812745 0.168491 0.782464 0.206167 0.786891 0.240120 0.782932 0.271176 0.788521 0.296435
1 0.812969 0.105093 0.844500 0.066287 0.839380 0.034185 0.842344 0.002093 0.796724 0.000000 0.789813 0.000000 0.784943 0.005926 0.786292 0.033231 0.781979 0.069157
1 0.105635 0.368157 0.136229 0.327361 0.129990 0.299806 0.132609 0.266880 0.102411 0.224657 0.074635 0.269389 0.078661 0.298731 0.074432 0.331296
1 0.101292 0.000704 0.103766 0.045833 0.074786 0.087963 0.041427 0.043037 0.047943 0.015880 0.047500 0.000000 0.063484 0.000000
