1 0.516427 0.698194 0.537448 0.721676 0.555505 0.694843 0.552271 0.657000 0.535292 0.634481 0.518047 0.657472 0.518583 0.684306
1 0.699391 0.456130 0.716854 0.476639 0.734625 0.453352 0.734625 0.415667 0.716542 0.392935 0.699703 0.415667
1 0.518229 0.212167 0.536552 0.237352 0.554750 0.213093 0.552151 0.200389 0.552276 0.173583 0.535385 0.151870 0.518359 0.175204
1 0.398271 0.267759 0.414453 0.243324 0.432375 0.268685 0.432375 0.309204 0.416365 0.328685 0.405234 0.316935 0.401406 0.302704 0.398271 0.293741
1 0.403964 0.615639 0.424224 0.639648 0.434708 0.623500 0.440297 0.611491 0.439833 0.601556 0.440766 0.574639 0.423063 0.553528 0.406526 0.575472 0.406292 0.599898
1 0.630865 0.578537 0.650198 0.553278 0.665333 0.578537 0.665104 0.620352 0.647401 0.641056 0.630401 0.616213
1 0.648823 0.317472 0.666714 0.294750 0.663859 0.281648 0.664911 0.253315 0.647620 0.231130 0.632432 0.255991 0.631380 0.294750
0 0.458370 0.232296 0.475375 0.254241 0.486089 0.236435 0.486786 0.228157 0.494005 0.228157 0.493542 0.218222 0.484922 0.209935 0.480500 0.195444 0.472115 0.192963 0.464891 0.199167 0.464427 0.210769 0.456740 0.222769
8 0.572193 0.521315 0.580813 0.520481 0.587568 0.506824 0.580115 0.486528 0.580813 0.468722 0.578714 0.467074 0.574292 0.452574 0.567536 0.453407 0.563109 0.464167 0.557057 0.475352 0.560318 0.487769 0.573359 0.504750
14 0.556828 0.564731 0.570917 0.543259 0.573130 0.531454 0.573333 0.504611 0.554208 0.477769 0.530859 0.506046 0.535286 0.525370 0.532875 0.538972
13 0.518651 0.326333 0.503516 0.343963 0.502469 0.362528 0.505599 0.360667 0.509078 0.375824 0.512214 0.395000 0.516911 0.403046 0.528568 0.392833 0.539875 0.377991 0.538307 0.363148 0.534479 0.360981 0.532568 0.342111
12 0.455297 0.682593 0.473698 0.656500 0.469740 0.639528 0.468104 0.632074 0.462052 0.611370 0.452734 0.601019 0.441089 0.605157 0.431073 0.625037 0.428979 0.645324 0.426651 0.651537 0.439458 0.666028
12 0.668630 0.588000 0.680104 0.605528 0.707682 0.567241 0.703854 0.562231 0.700432 0.548269 0.696406 0.533954 0.688156 0.522148 0.678089 0.522148 0.669635 0.531454 0.665406 0.543620 0.663599 0.557574 0.658365 0.571537 0.663599 0.576185
12 0.599953 0.260315 0.622354 0.290796 0.628370 0.289722 0.633031 0.283306 0.631677 0.254704 0.640552 0.247222 0.638448 0.230111 0.633333 0.220491 0.625964 0.213000 0.618146 0.212463 0.609724 0.218620 0.605063 0.237324 0.602208 0.250157
12 0.412271 0.336852 0.410427 0.330981 0.406349 0.316657 0.403146 0.302852 0.394896 0.293704 0.386839 0.291463 0.377031 0.303370 0.371792 0.319935 0.364510 0.339611 0.366354 0.349796 0.374604 0.354972 0.379458 0.356185 0.382469 0.366019 0.385771 0.369296 0.388583 0.368093 0.389943 0.364981 0.394411 0.366880 0.402370 0.354806 0.412078 0.341861
11 0.369182 0.506500 0.376839 0.523204 0.390234 0.534343 0.412677 0.502481 0.407807 0.492898 0.406240 0.470620 0.391453 0.452065 0.386755 0.451759 0.371792 0.473713 0.371271 0.494444
11 0.572406 0.601556 0.578042 0.614796 0.587104 0.620880 0.590724 0.641278 0.594552 0.650231 0.592943 0.660602 0.574823 0.682796 0.568380 0.681009 0.550062 0.653454 0.552682 0.642000 0.554490 0.620167 0.567979 0.601556
11 0.683224 0.439519 0.705167 0.410528 0.702349 0.401944 0.700333 0.377250 0.690469 0.377250 0.685036 0.360074 0.679802 0.359713 0.676781 0.371880 0.664500 0.381185 0.662693 0.404806 0.661078 0.412315
11 0.486604 0.228481 0.494724 0.226611 0.497880 0.218852 0.499234 0.207898 0.504500 0.209769 0.508406 0.222333 0.518333 0.229815 0.521641 0.258685 0.521036 0.264833 0.504500 0.288630 0.496828 0.286759 0.482995 0.262426 0.484802 0.231954
10 0.532365 0.490630 0.540984 0.491046 0.563807 0.458750 0.561016 0.442185 0.563344 0.411130 0.552865 0.394981 0.536328 0.386287 0.509776 0.419824 0.510708 0.441769 0.507443 0.459991
9 0.556729 0.401935 0.566745 0.414361 0.579089 0.432991 0.585844 0.423056 0.605172 0.400694 0.595161 0.387861 0.595161 0.359704 0.586776 0.334861 0.581651 0.345630 0.577458 0.345213 0.567906 0.367574 0.558125 0.371713 0.559990 0.391176
8 0.486500 0.407639 0.489505 0.426620 0.499432 0.431157 0.515823 0.411917 0.514318 0.402556 0.510255 0.395880 0.510406 0.381444 0.505297 0.363528 0.498526 0.362194 0.494016 0.370750 0.490859 0.375296 0.491161 0.400148
7 0.512057 0.604037 0.535813 0.635509 0.558641 0.607352 0.554677 0.593278 0.541401 0.583750 0.539542 0.572991 0.528130 0.574639 0.531391 0.582509 0.521604 0.589963
7 0.624880 0.453611 0.647005 0.485083 0.672391 0.454444 0.659812 0.443259 0.650031 0.422556 0.637687 0.428769 0.630469 0.443676
7 0.513099 0.303944 0.535505 0.337093 0.558964 0.306620 0.550693 0.292454 0.539115 0.274000 0.531594 0.276676 0.521672 0.291917
7 0.426073 0.424972 0.447646 0.454667 0.423813 0.488380 0.401198 0.454972 0.403281 0.446000 0.413198 0.443222 0.419812 0.426519
6 0.426062 0.392991 0.434516 0.395500 0.444583 0.391565 0.445990 0.367583 0.443375 0.355778 0.442974 0.332519 0.434318 0.325000 0.423042 0.336093 0.421635 0.357565 0.418214 0.376176
6 0.574198 0.591620 0.583047 0.590787 0.591198 0.583343 0.592828 0.559741 0.590969 0.554769 0.586542 0.525370 0.580484 0.522056 0.573031 0.530750 0.568375 0.554769 0.565812 0.573398
5 0.494063 0.562519 0.508885 0.582167 0.526130 0.557731 0.518318 0.538565 0.523438 0.528028 0.516698 0.514130 0.506188 0.530898 0.499990 0.546713
5 0.545333 0.347583 0.559021 0.368333 0.566672 0.370481 0.576333 0.353306 0.571703 0.336843 0.566266 0.325750 0.561839 0.321102 0.551776 0.335417
4 0.374573 0.408731 0.379964 0.368491 0.390474 0.365139 0.397208 0.368491 0.402063 0.390056 0.407990 0.413528 0.396401 0.434602 0.381578 0.433648 0.375651 0.421667
4 0.479344 0.493741 0.477536 0.508981 0.484005 0.524481 0.502198 0.528759 0.510167 0.511648 0.506557 0.488657 0.504000 0.485722 0.502198 0.460056 0.484302 0.457917 0.481146 0.476361 0.481297 0.482250
4 0.668078 0.501463 0.671563 0.484139 0.673125 0.460019 0.684089 0.455685 0.693307 0.460630 0.695219 0.486926 0.699573 0.499917 0.698703 0.511046 0.691568 0.526519 0.677995 0.523731 0.667557 0.513528
4 0.486599 0.647315 0.485250 0.657380 0.493875 0.675102 0.508156 0.676065 0.518667 0.660731 0.516240 0.641093 0.512198 0.634380 0.512198 0.609954 0.504651 0.604685 0.491719 0.607074 0.489292 0.634380
4 0.557937 0.248556 0.554781 0.263796 0.556583 0.272343 0.564557 0.281704 0.576885 0.284380 0.586359 0.270472 0.586208 0.251759 0.581245 0.242944 0.581245 0.230917 0.579141 0.215944 0.564557 0.214602 0.561547 0.218352 0.558391 0.240806
3 0.416682 0.539120 0.431120 0.558991 0.451151 0.532491 0.445792 0.520898 0.448354 0.500194 0.442068 0.490259 0.435312 0.479074 0.427396 0.489019 0.420172 0.489019 0.420875 0.508472 0.422505 0.525037
3 0.614141 0.527194 0.629745 0.549139 0.650708 0.520981 0.643255 0.509796 0.646281 0.494065 0.642323 0.479574 0.638599 0.484130 0.634635 0.469639 0.627651 0.478750 0.618099 0.477917 0.617635 0.498620 0.620432 0.509796
3 0.621474 0.377500 0.638990 0.397620 0.657318 0.371269 0.652464 0.360250 0.654891 0.343963 0.651927 0.331028 0.648151 0.332944 0.642495 0.318574 0.636026 0.328157 0.627672 0.327194 0.624708 0.349713 0.628479 0.362167
3 0.476349 0.339472 0.494094 0.310870 0.487328 0.303111 0.490484 0.291620 0.488078 0.272907 0.483266 0.276120 0.478005 0.262481 0.471839 0.274241 0.463719 0.272102 0.461766 0.284667 0.466724 0.296435 0.466276 0.307130 0.461010 0.318620 0.467927 0.327972
2 0.664271 0.337639 0.683130 0.302667 0.693641 0.309852 0.696604 0.330935 0.703073 0.348657 0.691219 0.362556 0.677474 0.360639 0.671813 0.353926
2 0.606927 0.654324 0.615198 0.672231 0.624823 0.673565 0.636703 0.667148 0.640010 0.653250 0.635797 0.640954 0.632943 0.622778 0.623318 0.615824 0.615948 0.624111 0.609484 0.637213
2 0.392969 0.596759 0.402359 0.589028 0.406708 0.572324 0.401490 0.559019 0.396271 0.536750 0.384964 0.537370 0.378177 0.551602 0.373479 0.569843 0.379224 0.585315 0.385135 0.590259
2 0.434724 0.250343 0.433854 0.265500 0.443771 0.282204 0.454557 0.282815 0.465344 0.268278 0.466214 0.258389 0.460646 0.246630 0.458385 0.228694 0.450031 0.222509 0.442901 0.228694 0.437677 0.243852
1 0.333208 0.453435 0.354495 0.480259 0.373359 0.452954 0.371745 0.444333 0.371745 0.416546 0.353151 0.392111 0.336979 0.413667 0.337250 0.441935
0 0.582026 0.236176 0.595562 0.252481 0.599922 0.252750 0.605182 0.243130 0.608344 0.229231 0.613755 0.217463 0.609094 0.215593 0.607437 0.200889 0.600672 0.191537 0.593453 0.193139 0.588193 0.204898 0.586391 0.216130 0.581729 0.218000 0.578870 0.221741
0 0.690333 0.370037 0.697745 0.359870 0.699302 0.351324 0.719057 0.346241 0.725422 0.369574 0.727505 0.376278 0.724385 0.386676 0.709958 0.402148 0.701641 0.398454 0.700990 0.391750 0.698911 0.376741 0.691375 0.378120
0 0.576458 0.686519 0.597651 0.713852 0.616984 0.686111 0.605339 0.666648 0.602542 0.655880 0.595786 0.655880 0.587172 0.662509 0.587172 0.670787 0.578786 0.679898
0 0.455927 0.687352 0.474323 0.713435 0.497615 0.687352 0.487599 0.670787 0.485740 0.659194 0.476885 0.654222 0.471063 0.659611 0.467104 0.669963
0 0.340729 0.537833 0.366115 0.567648 0.382651 0.540315 0.380557 0.526241 0.376599 0.522926 0.372406 0.508852 0.360760 0.506778 0.348646 0.520852 0.347016 0.531204
0 0.342344 0.373454 0.364687 0.403870 0.378375 0.383120 0.381396 0.372019 0.376563 0.362000 0.373542 0.354130 0.355828 0.345537 0.348583 0.362361
