1 0.243911 0.329574 0.278833 0.382787 0.280703 0.463167 0.241729 0.513056 0.206807 0.457620 0.207120 0.379463
1 0.367208 0.021417 0.405406 0.070685 0.403542 0.157222 0.367906 0.199046 0.347411 0.168407 0.338797 0.142731 0.333672 0.127417 0.333203 0.066546
1 0.851073 0.000944 0.875057 0.031602 0.888802 0.052204 0.884224 0.127417 0.852151 0.169574 0.814427 0.131731 0.814964 0.043583 0.838411 0.031602 0.840026 0.014833
1 0.813510 0.793537 0.849990 0.841213 0.870260 0.816269 0.862776 0.807398 0.857786 0.796861 0.858099 0.710389 0.863089 0.701519 0.878052 0.701519 0.849370 0.665491 0.812266 0.717593 0.816318 0.762500
1 0.386812 0.667324 0.421422 0.713324 0.424229 0.774306 0.369974 0.814213 0.364984 0.762667 0.354073 0.753796 0.351578 0.708343
2 0.911010 0.156833 0.891891 0.201731 0.892974 0.239565 0.914979 0.262019 0.940234 0.264583 0.956828 0.250472 0.954302 0.203648 0.947812 0.197880 0.947448 0.156833
2 0.421193 0.000000 0.406078 0.052083 0.421359 0.097537 0.450354 0.106407 0.474990 0.074815 0.474365 0.044324 0.458974 0.000000
2 0.769172 0.838213 0.787255 0.804398 0.805031 0.794426 0.820307 0.807176 0.824052 0.832120 0.824984 0.841537
2 0.275052 0.701574 0.321417 0.756519 0.351359 0.720463 0.347495 0.679250 0.322865 0.622583 0.293406 0.638037
3 0.460521 0.182130 0.492323 0.224259 0.533484 0.166056 0.517578 0.140000 0.525687 0.105083 0.519453 0.086787 0.506354 0.086231 0.504484 0.079583 0.484219 0.077917 0.469875 0.079583 0.466755 0.118935 0.471120 0.133907
3 0.798484 0.299037 0.826422 0.336787 0.844865 0.332815 0.872245 0.284139 0.858276 0.260296 0.863865 0.232481 0.858276 0.200694 0.853802 0.204667 0.838719 0.176852 0.828099 0.191750 0.808542 0.190759 0.804073 0.226519 0.808542 0.265259
3 0.778542 0.611759 0.813312 0.658130 0.856781 0.590296 0.841807 0.574843 0.846156 0.544787 0.839875 0.510444 0.833599 0.515602 0.821042 0.488981 0.808484 0.508731 0.789651 0.507009 0.789651 0.547370 0.792547 0.572269
3 0.404568 0.677750 0.445891 0.613935 0.429615 0.592417 0.437964 0.567926 0.429198 0.527852 0.420849 0.538241 0.411250 0.510046 0.397057 0.533046 0.381193 0.529333 0.376604 0.563472 0.384115 0.577574 0.374099 0.631000 0.385370 0.652519
4 0.898240 0.521120 0.889224 0.564093 0.898604 0.589111 0.917724 0.602574 0.942615 0.606426 0.956687 0.582694 0.951995 0.534593 0.945500 0.512787 0.940453 0.460833 0.910870 0.462120 0.901130 0.464685
7 0.612370 0.085639 0.632214 0.090130 0.665406 0.146574 0.618865 0.215194 0.573771 0.149139 0.596135 0.109370
6 0.396177 0.337778 0.425156 0.333491 0.433365 0.269093 0.420813 0.196111 0.390865 0.202120 0.379760 0.251065 0.377828 0.302583
6 0.695760 0.739491 0.729568 0.740972 0.733745 0.680130 0.726229 0.602954 0.707026 0.592565 0.693672 0.614824 0.683651 0.669000 0.678646 0.703130
5 0.528896 0.682509 0.560292 0.722861 0.596995 0.669630 0.581542 0.627556 0.591682 0.615537 0.586854 0.591500 0.574776 0.583769 0.554010 0.621546 0.543870 0.648167
5 0.681568 0.187806 0.701771 0.246176 0.671104 0.293630 0.661365 0.269907 0.640802 0.233991 0.649458 0.226287 0.650542 0.206407 0.669661 0.185241
4 0.493479 0.569204 0.506260 0.598028 0.545859 0.606898 0.570807 0.570870 0.554594 0.523750 0.548667 0.467213 0.512500 0.462222 0.503458 0.511556
14 0.615349 0.633481 0.659781 0.693583 0.687792 0.642074 0.695521 0.617167 0.696969 0.560500 0.652052 0.501259 0.612932 0.563935
13 0.573792 0.344935 0.587562 0.347898 0.623464 0.301889 0.620958 0.271472 0.613859 0.262565 0.613026 0.231398 0.582557 0.189843 0.548745 0.227685 0.553755 0.256630 0.561266 0.273694 0.565443 0.298185 0.567109 0.334546
12 0.267266 0.230398 0.300818 0.273370 0.307312 0.273370 0.320656 0.272083 0.326068 0.275935 0.364672 0.217565 0.357818 0.195759 0.347354 0.153435 0.326068 0.120722 0.300818 0.125213 0.287109 0.147657 0.275203 0.189991
12 0.397990 0.838963 0.416432 0.780352 0.437667 0.765454 0.460016 0.770417 0.476781 0.804194 0.481250 0.841944
4 0.713984 0.000019 0.712172 0.021491 0.728677 0.063009 0.706333 0.105954 0.675937 0.103083 0.656411 0.060500 0.664865 0.025787 0.667479 0.000019
12 0.878578 0.694222 0.886156 0.648046 0.903474 0.606361 0.929448 0.596741 0.957224 0.625602 0.966969 0.688454 0.967688 0.701926 0.886156 0.700639
12 0.749438 0.051444 0.800781 0.121194 0.815391 0.108583 0.815391 0.041796 0.837510 0.031407 0.832521 0.000000 0.762203 0.000000 0.756115 0.034380
11 0.271042 0.566944 0.292776 0.596991 0.311130 0.624472 0.329000 0.607296 0.362807 0.558352 0.352182 0.540324 0.348802 0.487093 0.334313 0.485380 0.317406 0.451028 0.306781 0.451028 0.300990 0.480222 0.280219 0.492241 0.274906 0.540324
11 0.653823 0.835898 0.656349 0.794852 0.670781 0.789722 0.690620 0.757019 0.706135 0.792287 0.726339 0.797417 0.729943 0.840389 0.658151 0.841037
11 0.873828 0.364602 0.917656 0.423963 0.929344 0.421741 0.967745 0.363111 0.960234 0.348269 0.954391 0.296324 0.938943 0.297815 0.925589 0.258481 0.919323 0.257000 0.900542 0.295583 0.889688 0.301519 0.883010 0.343824
11 0.582698 0.000093 0.587531 0.036157 0.595255 0.051611 0.551307 0.123731 0.520880 0.085093 0.517500 0.039593 0.515318 0.000000 0.581203 0.000000
10 0.558698 0.468204 0.612786 0.535176 0.632104 0.532602 0.676536 0.463907 0.673156 0.437296 0.669776 0.405528 0.672677 0.378907 0.671224 0.356583 0.653354 0.339417 0.642250 0.348000 0.621000 0.316231 0.589125 0.360880 0.570286 0.376333 0.565458 0.430426
9 0.718677 0.403222 0.759641 0.351435 0.745625 0.320343 0.727406 0.221130 0.720214 0.214037 0.715526 0.233296 0.706146 0.228167 0.685937 0.255769 0.683401 0.277565 0.661036 0.290352 0.663219 0.321778 0.662115 0.346843 0.676557 0.374389
8 0.692969 0.604500 0.714974 0.593593 0.724714 0.554472 0.709922 0.523685 0.707396 0.482000 0.698740 0.455065 0.681422 0.456343 0.671323 0.483287 0.665547 0.517917 0.696214 0.559602
8 0.518859 0.368519 0.523089 0.384981 0.537786 0.407880 0.549458 0.406806 0.577240 0.367083 0.567375 0.344185 0.563750 0.336667 0.565161 0.300167 0.561740 0.294083 0.558318 0.271889 0.552682 0.258648 0.534766 0.270463 0.533354 0.283704 0.526714 0.295509 0.524297 0.345611
7 0.341818 0.458509 0.384568 0.392546 0.437229 0.456296 0.386438 0.521704
7 0.803286 0.459491 0.850911 0.525546 0.899974 0.458852 0.849828 0.385093
7 0.621573 0.829935 0.668469 0.767083 0.619047 0.698463 0.567458 0.763880
4 0.281609 0.365500 0.284417 0.388222 0.318401 0.417046 0.347089 0.390991 0.347714 0.349426 0.339292 0.333898 0.336484 0.276806 0.317469 0.272370 0.296578 0.275139 0.288469 0.334454
4 0.571464 0.838019 0.568937 0.777093 0.551620 0.767472 0.529974 0.773880 0.521318 0.811722 0.520594 0.842509
1 0.981188 0.348046 0.957396 0.385157 0.958229 0.467519 0.997464 0.508333 1.000000 0.502426 1.000000 0.336231 0.995797 0.328759
0 0.991547 0.235565 0.957776 0.247991 0.951719 0.270352 0.938448 0.288157 0.941005 0.306787 0.953354 0.298917 0.958943 0.323759 0.965927 0.351509 0.982000 0.349852 1.000000 0.319750 1.000000 0.242704
0 0.222396 0.632231 0.259193 0.686000 0.271349 0.681009 0.301594 0.634454 0.297854 0.608954 0.286943 0.600083 0.279771 0.574583 0.261688 0.567935 0.241417 0.584565
0 0.218094 0.290685 0.232526 0.273370 0.237937 0.248352 0.246594 0.237454 0.264630 0.236167 0.287719 0.259259 0.298182 0.290685 0.291687 0.318907 0.262469 0.355463 0.240458 0.324676
