2 0.418312 0.257139 0.437875 0.285713 0.449057 0.277426 0.454646 0.260454 0.448589 0.246370 0.444865 0.226917 0.434615 0.221528 0.427859 0.230222 0.422271 0.251759
14 0.533641 0.532065 0.553906 0.506019 0.554219 0.466657 0.532391 0.437278 0.511813 0.472204 0.513370 0.503796 0.519609 0.516546
13 0.656318 0.598407 0.670599 0.588824 0.675990 0.566787 0.669526 0.553370 0.668714 0.532769 0.653354 0.520796 0.638266 0.539954 0.637188 0.553852 0.633411 0.565824 0.633682 0.576843
12 0.367042 0.198139 0.394620 0.162352 0.387573 0.151259 0.384354 0.132287 0.374490 0.117972 0.364828 0.118333 0.356573 0.122981 0.349932 0.135870 0.342281 0.159491 0.346104 0.176306 0.356375 0.189907
12 0.700146 0.200176 0.721979 0.171065 0.722109 0.156046 0.715870 0.149352 0.713922 0.135028 0.708594 0.122315 0.697677 0.117000 0.687281 0.120694 0.681172 0.136639 0.677661 0.153509 0.673505 0.163676 0.677661 0.171296
12 0.368432 0.667620 0.341458 0.628259 0.348302 0.612870 0.350516 0.593898 0.362193 0.583167 0.373062 0.579231 0.384938 0.591037 0.387151 0.612148 0.392990 0.627898 0.382323 0.638991 0.376682 0.653667
12 0.406901 0.605019 0.384458 0.570370 0.392286 0.555528 0.395073 0.540065 0.402729 0.525528 0.411776 0.521500 0.421693 0.527380 0.428302 0.540991 0.430214 0.555213 0.437177 0.566046
11 0.370479 0.452861 0.377214 0.448546 0.388802 0.431296 0.389073 0.414537 0.384219 0.390102 0.368323 0.371417 0.349458 0.395852 0.347839 0.416444 0.354578 0.435130
11 0.667573 0.250639 0.687135 0.277139 0.694380 0.276722 0.706724 0.261407 0.710427 0.251463 0.709260 0.235731 0.704859 0.217519 0.688786 0.198880 0.671552 0.221657
11 0.297208 0.299731 0.316333 0.278981 0.336062 0.306537 0.337875 0.333019 0.333849 0.343750 0.326802 0.347685 0.318547 0.356278 0.310698 0.358426 0.293786 0.339815 0.296807 0.317630
11 0.698964 0.373093 0.715896 0.394565 0.719922 0.422120 0.703615 0.444315 0.694135 0.453620 0.684292 0.442519 0.680667 0.420694 0.678229 0.406019 0.681453 0.391704
10 0.502146 0.403463 0.530208 0.436722 0.537068 0.435620 0.561698 0.400694 0.557958 0.387389 0.553281 0.357463 0.532078 0.329185 0.511188 0.356352 0.504641 0.387944
9 0.534411 0.698972 0.564354 0.652796 0.553172 0.638685 0.548120 0.611750 0.540906 0.583528 0.535130 0.586731 0.535854 0.595713 0.531885 0.595713 0.522146 0.608537 0.521062 0.622648 0.510240 0.622648 0.509156 0.647667 0.507354 0.659852
8 0.401859 0.362593 0.410130 0.360185 0.415089 0.344148 0.411328 0.331046 0.411932 0.301648 0.406219 0.284806 0.397198 0.294963 0.391031 0.309667 0.391182 0.332926 0.389828 0.347889
8 0.537047 0.275815 0.545198 0.265880 0.538677 0.243935 0.543339 0.238963 0.537745 0.209981 0.528661 0.208324 0.522609 0.222398 0.522609 0.237722 0.527729 0.243519 0.520047 0.260491 0.524937 0.274981
8 0.670250 0.366194 0.680490 0.347028 0.674026 0.325954 0.672406 0.291454 0.660281 0.286185 0.653276 0.300556 0.650042 0.318769 0.647885 0.347028 0.654349 0.360926
7 0.606594 0.419370 0.617078 0.396593 0.630583 0.389139 0.656672 0.427241 0.631281 0.453741 0.614516 0.436759
7 0.416521 0.422944 0.431818 0.446926 0.445911 0.440130 0.456380 0.423306 0.452354 0.398259 0.435240 0.385009 0.425177 0.406130
7 0.513526 0.467380 0.502927 0.451306 0.500120 0.435231 0.484531 0.433565 0.471745 0.454074 0.468938 0.466269 0.475797 0.486778 0.488583 0.500083
7 0.554063 0.464056 0.564349 0.447981 0.565911 0.440222 0.576510 0.430241 0.590229 0.446315 0.597714 0.464056 0.594594 0.476806 0.579005 0.497870 0.565599 0.483454
6 0.579354 0.300028 0.582859 0.285176 0.585016 0.259306 0.594443 0.254037 0.604146 0.268889 0.606302 0.305778 0.604146 0.318241 0.600104 0.322546 0.595792 0.317278 0.590943 0.325898 0.582318 0.319676
6 0.459984 0.289287 0.459380 0.317194 0.467432 0.324352 0.474474 0.322204 0.478703 0.322565 0.481318 0.318269 0.481922 0.301093 0.482932 0.297519 0.481521 0.267093 0.478500 0.262083 0.475885 0.254926 0.468234 0.258870 0.463000 0.265306 0.461391 0.282130
5 0.601026 0.513111 0.586589 0.494065 0.592875 0.477917 0.595672 0.467565 0.601260 0.458870 0.607318 0.462602 0.613375 0.480398 0.618266 0.496546 0.608948 0.502759 0.604521 0.511454
5 0.464000 0.517111 0.478792 0.496694 0.476875 0.486491 0.471484 0.474120 0.466786 0.466389 0.465917 0.460509 0.463307 0.456796 0.459479 0.462370 0.457391 0.467935 0.451130 0.476907 0.450604 0.488037 0.450432 0.492991 0.455302 0.499787
4 0.526703 0.822787 0.537839 0.826500 0.550193 0.812278 0.548802 0.797741 0.543755 0.786296 0.544625 0.772065 0.541146 0.756907 0.533141 0.755361 0.524271 0.758454 0.521312 0.768972 0.520443 0.787528 0.517307 0.799287 0.517656 0.812583 0.520964 0.820935
4 0.475104 0.594407 0.485891 0.595333 0.498068 0.579556 0.496849 0.562861 0.491281 0.553574 0.492328 0.541519 0.490047 0.534713 0.490411 0.528213 0.486583 0.524500 0.484323 0.525741 0.477000 0.523889 0.469010 0.531000 0.469516 0.549250 0.466578 0.561926 0.469010 0.569657 0.467448 0.586361
4 0.581115 0.595306 0.592297 0.598204 0.599516 0.585370 0.601380 0.577500 0.597885 0.571704 0.599750 0.564250 0.594625 0.555556 0.596484 0.541065 0.594391 0.527398 0.582510 0.522426 0.575292 0.528639 0.574125 0.540231 0.573427 0.558037 0.568771 0.570870 0.572495 0.586611
4 0.656203 0.452491 0.656906 0.472370 0.665286 0.481889 0.677865 0.480241 0.688812 0.464917 0.687646 0.448769 0.682755 0.438000 0.682292 0.420611 0.679964 0.410259 0.667151 0.407361 0.663193 0.415639 0.658536 0.433861 0.658536 0.441731
4 0.421573 0.471111 0.416182 0.452426 0.412406 0.426074 0.404052 0.416019 0.391656 0.422722 0.389500 0.444287 0.385193 0.468241 0.389234 0.479731 0.399203 0.493148 0.406479 0.493630
3 0.454547 0.629009 0.472865 0.599306 0.464208 0.590361 0.468635 0.580694 0.467833 0.563880 0.463807 0.566380 0.456359 0.549204 0.451932 0.562083 0.440656 0.561009 0.440458 0.571750 0.444078 0.584630 0.442870 0.598944 0.439911 0.612333
3 0.594229 0.607565 0.611464 0.631574 0.620781 0.612944 0.620313 0.601769 0.623344 0.597620 0.621010 0.591417 0.625437 0.578167 0.622875 0.561602 0.618448 0.565741 0.613557 0.548769 0.608438 0.561185 0.599354 0.557870 0.597255 0.577333 0.601214 0.583546 0.598885 0.598037
3 0.594250 0.398315 0.612026 0.371704 0.604542 0.357843 0.608594 0.343435 0.606099 0.331241 0.602047 0.335120 0.596125 0.317935 0.591448 0.328472 0.582094 0.329019 0.581781 0.349528 0.584276 0.350639 0.578974 0.376694
3 0.455365 0.378222 0.468568 0.397861 0.476115 0.393546 0.490938 0.368157 0.484198 0.358574 0.486896 0.345639 0.483391 0.331750 0.478271 0.339417 0.478281 0.327407 0.475573 0.316852 0.468839 0.333185 0.459677 0.326954 0.459948 0.348037 0.461292 0.361926
2 0.512078 0.560648 0.522563 0.544500 0.522094 0.527935 0.516042 0.521315 0.517203 0.509722 0.508589 0.500611 0.499271 0.509306 0.491349 0.531667 0.494380 0.551120 0.499734 0.558574
2 0.541193 0.533731 0.547948 0.551954 0.562854 0.562722 0.573568 0.551537 0.573802 0.538704 0.570776 0.525870 0.569375 0.508065 0.558198 0.501852 0.548646 0.516759
2 0.611328 0.258537 0.618286 0.277093 0.634120 0.283593 0.644385 0.269361 0.644208 0.253278 0.640036 0.247407 0.638297 0.222972 0.629073 0.219565 0.622635 0.227296 0.615677 0.246167
1 0.702745 0.290491 0.723307 0.317426 0.740625 0.293056 0.739542 0.253935 0.724026 0.230204 0.707792 0.252648
1 0.479870 0.303602 0.481438 0.332991 0.484219 0.329898 0.488917 0.350306 0.498833 0.363917 0.516755 0.336694 0.513620 0.298343 0.496396 0.276694
1 0.332339 0.281306 0.351057 0.304204 0.368974 0.279870 0.367568 0.240509 0.350656 0.219037 0.333344 0.241583
1 0.417135 0.514620 0.441193 0.543759 0.455328 0.517028 0.453974 0.495639 0.437432 0.472917 0.420443 0.499111
1 0.445844 0.707981 0.463125 0.685565 0.462474 0.643981 0.445453 0.624806 0.439214 0.634278 0.440125 0.640741 0.434797 0.647676 0.433104 0.642130 0.429339 0.646981 0.429854 0.687185
1 0.497172 0.778815 0.515807 0.756046 0.514411 0.711324 0.497172 0.692694 0.479938 0.717954 0.480870 0.757287
1 0.601797 0.693426 0.602802 0.734574 0.584286 0.757481 0.564958 0.731000 0.567979 0.693426 0.582474 0.671593
1 0.617776 0.639815 0.638271 0.663417 0.654109 0.639398 0.652479 0.599241 0.636875 0.577296 0.618937 0.602546
0 0.546641 0.336157 0.571161 0.302139 0.587599 0.327528 0.586792 0.330407 0.580057 0.328491 0.582208 0.350528 0.565771 0.367778 0.552568 0.350528
0 0.337120 0.406046 0.356083 0.374491 0.346516 0.365528 0.345469 0.355315 0.337469 0.347583 0.322156 0.346657 0.317979 0.366454 0.312589 0.378519 0.325464 0.394907
0 0.407219 0.645111 0.427953 0.672667 0.430974 0.667657 0.429161 0.646898 0.433391 0.640815 0.435401 0.646898 0.439630 0.639028 0.438021 0.631157 0.437417 0.614694 0.432182 0.609324 0.424734 0.610759 0.417891 0.628648 0.411849 0.634731
0 0.598745 0.521019 0.604802 0.514815 0.606896 0.501519 0.622271 0.489556 0.640672 0.517250 0.639505 0.528019 0.620406 0.554102 0.603406 0.533398
0 0.709937 0.379787 0.729500 0.406704 0.746271 0.385167 0.743943 0.374398 0.748833 0.366537 0.743474 0.351213 0.723677 0.348731 0.717625 0.364880
0 0.639406 0.214120 0.660984 0.241648 0.672115 0.226185 0.672812 0.220620 0.682729 0.211028 0.674203 0.200204 0.676292 0.194944 0.672115 0.183815 0.664807 0.179176 0.647240 0.203611
0 0.404594 0.244648 0.422917 0.214944 0.412948 0.199139 0.398932 0.175657 0.390042 0.187639 0.388156 0.203926 0.379802 0.217343
