8 0.496411 0.314583 0.507125 0.322861 0.522031 0.310028 0.516672 0.292639 0.517141 0.268204 0.512479 0.247917 0.500839 0.256194 0.495714 0.276074
9 0.509948 0.657306 0.530698 0.629528 0.524500 0.607481 0.515880 0.556222 0.510760 0.569157 0.506984 0.569639 0.496745 0.586407 0.495667 0.595991 0.484620 0.596944 0.484349 0.612759 0.488932 0.638630
10 0.476802 0.509731 0.508917 0.550194 0.537599 0.509731 0.535104 0.504194 0.529495 0.468713 0.508292 0.437120 0.485844 0.472593 0.480229 0.497537
11 0.702385 0.563713 0.722219 0.587222 0.728479 0.584130 0.745531 0.566806 0.742401 0.528148 0.723958 0.505565 0.707776 0.527213
11 0.292505 0.589519 0.312177 0.564130 0.308943 0.526759 0.290885 0.506157 0.272021 0.532028 0.269057 0.559333
11 0.352599 0.259000 0.377120 0.292537 0.399219 0.263315 0.395177 0.224981 0.376583 0.202944 0.360682 0.230259
11 0.637385 0.205426 0.657396 0.231093 0.660005 0.265120 0.640693 0.291102 0.630948 0.286148 0.614245 0.260481 0.619990 0.227389
12 0.567536 0.729796 0.594484 0.761898 0.620089 0.725481 0.613620 0.714463 0.610656 0.698176 0.602302 0.681889 0.591255 0.680454 0.584245 0.683324 0.577240 0.697222 0.574547 0.711111
12 0.424604 0.762759 0.446432 0.732093 0.445625 0.718204 0.438885 0.711972 0.437807 0.698083 0.428917 0.682269 0.417865 0.678917 0.406010 0.688019 0.399542 0.713889 0.397927 0.728259
12 0.567880 0.197944 0.592573 0.233296 0.601151 0.227750 0.619474 0.203028 0.618563 0.187778 0.613104 0.181546 0.610250 0.167454 0.604271 0.153815 0.596406 0.147139 0.581917 0.156333 0.575406 0.179491
13 0.744370 0.501157 0.767318 0.531935 0.792276 0.503667 0.787646 0.481472 0.782010 0.467880 0.769729 0.447481 0.760875 0.455352 0.752823 0.472167
14 0.484917 0.374509 0.507281 0.344806 0.531266 0.374991 0.530995 0.414750 0.525339 0.408519 0.508359 0.411880 0.487609 0.409481 0.487880 0.395583
5 0.526177 0.409694 0.537354 0.428324 0.538755 0.447787 0.528271 0.462278 0.512437 0.437019 0.515229 0.429148 0.512667 0.425426 0.511505 0.412176
5 0.504052 0.411343 0.504750 0.428324 0.501490 0.427491 0.505682 0.438676 0.490307 0.461444 0.475172 0.444056 0.480526 0.420454 0.487516 0.410519
4 0.492823 0.835759 0.496083 0.827889 0.496318 0.807602 0.501906 0.800148 0.510526 0.796009 0.519844 0.804704 0.520307 0.829139 0.526130 0.840731 0.495620 0.841556
12 0.394531 0.197917 0.419490 0.231870 0.427609 0.229194 0.445807 0.202731 0.445203 0.188296 0.439641 0.181880 0.437385 0.167713 0.431823 0.154611 0.423250 0.148463 0.413026 0.150065 0.405208 0.162630 0.401901 0.179204
0 0.378333 0.639889 0.387354 0.646944 0.398536 0.674519 0.379776 0.705944 0.357771 0.673880 0.361380 0.666185 0.364266 0.654000
0 0.617359 0.669657 0.626401 0.656352 0.628896 0.645259 0.635755 0.638056 0.654464 0.658565 0.658516 0.675750 0.637313 0.704019 0.618917 0.682954
0 0.570276 0.669213 0.564042 0.659231 0.556245 0.639833 0.546271 0.638722 0.537849 0.656463 0.529120 0.672537 0.551255 0.704130
0 0.466135 0.703574 0.486401 0.670315 0.476427 0.660343 0.473932 0.642602 0.458964 0.638722 0.453354 0.659231 0.443062 0.671426
0 0.460312 0.351463 0.481870 0.379731 0.505583 0.346676 0.493724 0.334694 0.489146 0.313139 0.478906 0.311704 0.471359 0.325593 0.473786 0.334213 0.465969 0.340926
0 0.512859 0.348593 0.533609 0.377815 0.555167 0.350028 0.544661 0.335176 0.543042 0.314574 0.530109 0.308343 0.523099 0.330380
0 0.501120 0.161398 0.519516 0.163065 0.523568 0.179139 0.522323 0.191333 0.518271 0.197991 0.519828 0.211843 0.509536 0.230139 0.495198 0.214065 0.498312 0.194657 0.492078 0.180806
1 0.681344 0.517759 0.700443 0.493333 0.696479 0.478843 0.697646 0.456481 0.680641 0.437843 0.664339 0.461037 0.666901 0.477185 0.662943 0.501194
1 0.681651 0.406074 0.699740 0.381685 0.698490 0.357296 0.698490 0.334019 0.681651 0.321824 0.662943 0.342889 0.667000 0.364500 0.662943 0.382241
1 0.533766 0.255593 0.551859 0.233009 0.548380 0.211981 0.550641 0.190954 0.532026 0.168991 0.519323 0.197444 0.519844 0.213222 0.515323 0.229611
1 0.481917 0.259306 0.501578 0.228991 0.495141 0.207037 0.498448 0.194972 0.481568 0.174250 0.464344 0.196824 0.465911 0.210435 0.463302 0.233009
1 0.352760 0.379593 0.349740 0.362417 0.351328 0.341657 0.334036 0.321259 0.317130 0.345954 0.318536 0.361343 0.316323 0.383528 0.334620 0.403213
1 0.334406 0.519278 0.353250 0.492704 0.349484 0.480231 0.350911 0.459667 0.334927 0.437259 0.316734 0.460593 0.318943 0.477000 0.316214 0.497102
1 0.443172 0.787139 0.462573 0.812056 0.485479 0.782833 0.480359 0.767500 0.481167 0.748333 0.463115 0.726296 0.448292 0.747861
1 0.531833 0.784269 0.550427 0.809176 0.571984 0.783306 0.567401 0.768454 0.567135 0.744981 0.550156 0.723898 0.531833 0.749769 0.534797 0.768935
2 0.703172 0.442685 0.724187 0.468556 0.743859 0.446991 0.738740 0.430704 0.734432 0.403880 0.721495 0.400519 0.716104 0.413935
2 0.556573 0.290333 0.580286 0.320519 0.598609 0.297519 0.590255 0.275963 0.583786 0.252009 0.573818 0.250093 0.568156 0.267333
2 0.420276 0.293361 0.441156 0.319028 0.454026 0.310056 0.456984 0.289954 0.449333 0.277583 0.446724 0.259028 0.438719 0.250056 0.430714 0.255009 0.427063 0.268926
2 0.293568 0.467741 0.304354 0.461556 0.310271 0.441759 0.302443 0.427222 0.298266 0.407426 0.288698 0.402481 0.279651 0.414231 0.273557 0.439593 0.282432 0.451657
3 0.566578 0.417028 0.586307 0.390898 0.578656 0.380880 0.584094 0.363343 0.581474 0.348667 0.577448 0.350463 0.571813 0.336861 0.565776 0.345806 0.554703 0.345454 0.552891 0.359769 0.558125 0.369426 0.557724 0.384454 0.554703 0.396981
3 0.593349 0.639454 0.612677 0.610472 0.606156 0.597630 0.610583 0.580657 0.607089 0.564509 0.603594 0.568231 0.597307 0.554981 0.592182 0.566991 0.583099 0.564926 0.580073 0.577343 0.584031 0.590176 0.584031 0.604259 0.579839 0.616269
3 0.405229 0.616157 0.420052 0.636759 0.439990 0.611370 0.431906 0.600343 0.438646 0.584537 0.434604 0.561537 0.431099 0.567769 0.423552 0.552435 0.417625 0.566333 0.408729 0.562019 0.407115 0.583583 0.410885 0.600343
3 0.448724 0.330722 0.443333 0.347963 0.432552 0.343657 0.433094 0.363296 0.436865 0.373833 0.432286 0.395870 0.444948 0.415037 0.465161 0.390130 0.457885 0.379583 0.463276 0.362343 0.458693 0.347009 0.455193 0.350361 0.452495 0.338389
4 0.388542 0.539315 0.395849 0.554778 0.395849 0.572713 0.384542 0.580759 0.369927 0.576120 0.361578 0.560648 0.364708 0.539926 0.367839 0.535602 0.366448 0.522611 0.369578 0.509926 0.387323 0.507454 0.390109 0.519824
4 0.405521 0.364296 0.413042 0.364028 0.423417 0.339704 0.414844 0.318056 0.414396 0.300139 0.411536 0.291583 0.402063 0.287306 0.393792 0.294259 0.391990 0.313778 0.387177 0.338639 0.390333 0.350667
4 0.595208 0.329815 0.595964 0.343713 0.601375 0.358954 0.614458 0.360824 0.630245 0.344787 0.628745 0.328481 0.621974 0.319926 0.623328 0.307093 0.620172 0.291852 0.610547 0.288380 0.602729 0.293194 0.598672 0.315917
4 0.629750 0.578796 0.642328 0.582935 0.657234 0.560991 0.652813 0.543185 0.649083 0.536972 0.650250 0.521657 0.647687 0.510472 0.636505 0.506750 0.627656 0.513787 0.625328 0.536972 0.619734 0.561815
6 0.335063 0.635750 0.343932 0.630491 0.348807 0.615648 0.344109 0.593991 0.342891 0.568630 0.334016 0.562444 0.325318 0.576361 0.321839 0.600491 0.321839 0.625852
6 0.675984 0.633454 0.686234 0.633037 0.691823 0.629306 0.695083 0.607361 0.691823 0.595769 0.690193 0.572583 0.679010 0.561407 0.671557 0.574657 0.668995 0.606954 0.668068 0.620204
7 0.421828 0.550139 0.440693 0.526667 0.436109 0.497444 0.418865 0.486417 0.408354 0.506546 0.402964 0.523315 0.407813 0.533370
7 0.444198 0.581759 0.463328 0.607148 0.485698 0.582713 0.476531 0.566426 0.478151 0.549657 0.466562 0.544389 0.464677 0.552537 0.453089 0.551102 0.451740 0.564037
7 0.529354 0.582241 0.549833 0.608583 0.571932 0.582241 0.563036 0.564509 0.563578 0.550620 0.554953 0.548222 0.542016 0.549657 0.536359 0.557806 0.541208 0.565472
7 0.578667 0.499833 0.595646 0.488815 0.606964 0.503185 0.614240 0.524750 0.595917 0.550620 0.575974 0.526185
8 0.631865 0.466056 0.642911 0.451213 0.638062 0.430130 0.637521 0.396593 0.630786 0.384620 0.621625 0.398509 0.616234 0.417676 0.616234 0.451685
8 0.385286 0.468454 0.400109 0.447380 0.395526 0.432046 0.395797 0.410009 0.391214 0.386528 0.381516 0.393722 0.374776 0.412880 0.371542 0.447380
