0 0.448208 0.345102 0.485938 0.392222 0.522104 0.343435 0.518672 0.331241 0.505891 0.318491 0.499344 0.271935 0.477203 0.272491 0.467229 0.293556 0.469411 0.310731 0.453505 0.330139
0 0.573760 0.277481 0.582380 0.272102 0.596354 0.276648 0.605667 0.297352 0.601245 0.316398 0.618714 0.337102 0.618943 0.349111 0.596583 0.378102 0.574693 0.378102 0.546276 0.342074 0.549307 0.334620 0.565375 0.315574
1 0.209396 0.440046 0.242807 0.398361 0.236344 0.367222 0.240115 0.329861 0.208047 0.288657 0.175979 0.333213 0.182177 0.366269 0.177594 0.399806
1 0.454083 0.054000 0.458130 0.086574 0.452740 0.118194 0.466479 0.148861 0.486156 0.160833 0.518760 0.118676 0.512563 0.081306 0.481844 0.080352 0.482651 0.047769 0.512563 0.044898 0.486156 0.003694 0.458130 0.048731
1 0.553380 0.053259 0.558365 0.083741 0.550573 0.117000 0.584870 0.158019 0.617609 0.113676 0.611682 0.078204 0.613245 0.047713 0.584870 0.010574
1 0.861276 0.292009 0.892807 0.331769 0.889844 0.369620 0.894693 0.401722 0.859927 0.442917 0.827052 0.399324 0.833786 0.362917 0.830286 0.330815
1 0.861276 0.508556 0.892807 0.548315 0.892807 0.619222 0.860469 0.658991 0.827323 0.618741 0.830286 0.545444
1 0.210458 0.660843 0.243510 0.617046 0.238833 0.543880 0.208589 0.509509 0.176786 0.548315 0.178344 0.619824
2 0.095026 0.511185 0.132484 0.559574 0.147573 0.555269 0.161589 0.533231 0.158625 0.502565 0.147844 0.487713 0.141646 0.442204 0.119276 0.443157 0.106344 0.460889 0.104995 0.475741
2 0.371755 0.225759 0.407922 0.277861 0.427255 0.273426 0.442219 0.243500 0.432865 0.207463 0.425693 0.205806 0.419146 0.166444 0.401688 0.154806 0.389432 0.170602 0.382417 0.195046
2 0.630859 0.224759 0.664536 0.274093 0.682307 0.274093 0.699458 0.246935 0.697589 0.221991 0.685427 0.206472 0.683557 0.165454 0.668276 0.154361 0.653312 0.163231 0.649568 0.182074
2 0.905229 0.504241 0.945995 0.558750 0.960068 0.545287 0.978104 0.519630 0.973052 0.493333 0.965120 0.486926 0.963677 0.449083 0.946719 0.437537 0.929401 0.449083 0.929401 0.460630
3 0.424151 0.317537 0.414411 0.337426 0.396734 0.332287 0.392406 0.361148 0.402865 0.390657 0.394208 0.431056 0.407198 0.449019 0.420906 0.468259 0.455536 0.416954 0.440745 0.397065 0.451208 0.370769 0.445797 0.341269
3 0.620313 0.425417 0.644562 0.462519 0.661635 0.452130 0.684635 0.418731 0.672115 0.394250 0.680880 0.362343 0.672948 0.338593 0.653328 0.311139 0.626198 0.335620 0.624068 0.368278 0.630792 0.394991
3 0.671073 0.839741 0.730359 0.839741 0.728745 0.823454 0.719312 0.813870 0.728203 0.783213 0.723354 0.753991 0.702604 0.728120 0.673771 0.748722 0.674036 0.783213 0.679427 0.808130
3 0.348464 0.751102 0.379849 0.729935 0.402578 0.763926 0.401495 0.788935 0.393198 0.807537 0.404380 0.830630 0.400052 0.838324 0.348823 0.839602 0.354958 0.815231 0.370833 0.799204 0.363979 0.761361 0.352073 0.765852
4 0.269464 0.756046 0.299646 0.775694 0.326594 0.745509 0.312849 0.700472 0.311771 0.667417 0.306380 0.647778 0.286172 0.639148 0.272698 0.650176 0.269729 0.676519 0.271620 0.696639 0.260297 0.723954 0.261375 0.745991
4 0.335297 0.362500 0.352250 0.366991 0.374620 0.333000 0.368484 0.297083 0.360911 0.285537 0.358385 0.240000 0.350448 0.231657 0.323031 0.225250 0.316536 0.268861 0.307516 0.316324 0.313651 0.345824
4 0.700745 0.313620 0.705328 0.352426 0.733891 0.365833 0.743323 0.360083 0.764344 0.330380 0.760302 0.299241 0.750328 0.286306 0.751948 0.264269 0.748714 0.239361 0.727964 0.223065 0.713677 0.234565 0.708021 0.266667 0.709906 0.284870
4 0.748875 0.755574 0.766026 0.773861 0.786917 0.778296 0.813422 0.746148 0.810302 0.716213 0.799391 0.696259 0.801260 0.670204 0.798453 0.651917 0.783177 0.638611 0.761349 0.645815 0.757922 0.683509 0.759479 0.695148 0.750750 0.727306
5 0.471359 0.518324 0.497229 0.552824 0.528219 0.516889 0.519865 0.486231 0.527682 0.483833 0.527411 0.464194 0.503698 0.464667 0.502620 0.451259 0.497229 0.456528 0.491839 0.466583 0.479443 0.496287
5 0.573495 0.553778 0.597208 0.521685 0.592625 0.500120 0.578885 0.469463 0.569990 0.452694 0.569182 0.465630 0.543313 0.464667 0.542771 0.478565 0.552745 0.483352 0.541427 0.509704
6 0.856385 0.743713 0.844536 0.760343 0.840172 0.805241 0.837677 0.844037 0.888813 0.841269 0.886630 0.816880 0.867302 0.815769 0.858880 0.810778 0.858568 0.798028
6 0.233318 0.818167 0.239141 0.840935 0.187432 0.840935 0.184406 0.816093
7 0.376422 0.721694 0.414417 0.666130 0.396630 0.620130 0.371031 0.602407 0.351625 0.626843 0.335187 0.669954
7 0.453229 0.825250 0.492516 0.775361 0.476922 0.748204 0.477859 0.723806 0.461646 0.711065 0.431714 0.718824 0.417057 0.780907
7 0.580943 0.778352 0.608380 0.819926 0.620542 0.821037 0.652031 0.781676 0.650161 0.760620 0.638000 0.752852 0.639250 0.718491 0.618667 0.724583 0.601833 0.716269 0.593411 0.727907 0.595906 0.752852
7 0.664240 0.665417 0.668932 0.651306 0.671094 0.625009 0.689135 0.618593 0.698151 0.601917 0.714026 0.620519 0.732786 0.666056 0.729536 0.679519 0.702844 0.713519 0.683724 0.698759
8 0.772292 0.413870 0.778115 0.430019 0.775323 0.436231 0.781844 0.454454 0.778349 0.483852 0.787667 0.526083 0.776953 0.547204 0.761115 0.548861 0.742714 0.536435 0.738984 0.508694 0.743411 0.504139 0.743646 0.445343 0.752495 0.434574 0.755521 0.425880
8 0.524911 0.165343 0.537380 0.152037 0.552036 0.169769 0.555469 0.211898 0.547984 0.230750 0.559521 0.265667 0.540188 0.285620 0.518984 0.276759 0.509010 0.254583 0.515245 0.234074 0.515557 0.184741
8 0.325865 0.498065 0.332870 0.524889 0.323437 0.544537 0.304036 0.550759 0.281672 0.524889 0.282370 0.505444 0.286573 0.500454 0.287490 0.447472 0.294714 0.435444 0.300073 0.420167 0.315677 0.413935 0.321500 0.432139 0.319641 0.436306 0.324516 0.451639 0.324516 0.473583 0.321740 0.488046
9 0.570406 0.843194 0.564635 0.815620 0.564635 0.779065 0.548401 0.738657 0.543349 0.743148 0.544068 0.765593 0.535771 0.756611 0.520979 0.776500 0.514125 0.804074 0.493203 0.804713 0.495729 0.842556
10 0.535411 0.721056 0.593432 0.643880 0.585458 0.629778 0.578359 0.575611 0.537917 0.509565 0.518672 0.532574 0.491583 0.574130 0.484484 0.619389 0.480313 0.648333
11 0.294099 0.234102 0.336667 0.173167 0.321875 0.110954 0.291573 0.073759 0.285437 0.076324 0.257297 0.114806 0.246839 0.166759 0.258380 0.197537
11 0.778677 0.072731 0.742958 0.119556 0.739354 0.172787 0.748729 0.197796 0.771099 0.224093 0.794547 0.225380 0.821604 0.183046 0.816917 0.143287 0.812948 0.137509 0.812589 0.110574
11 0.944760 0.638685 0.974755 0.678769 0.976167 0.703463 0.912151 0.700954 0.910135 0.679120
11 0.094130 0.681935 0.124406 0.640120 0.131859 0.640944 0.160740 0.679454 0.170521 0.732037 0.164234 0.758120 0.124406 0.756880 0.118349 0.762269 0.116719 0.779241 0.108104 0.772204 0.106937 0.762676 0.100182 0.756880 0.086677 0.733278 0.088536 0.716306 0.096693 0.706370
12 0.402984 0.000000 0.406323 0.024046 0.417797 0.041583 0.414979 0.072722 0.382370 0.113880 0.363849 0.118528 0.323391 0.055898 0.326208 0.039435 0.336271 0.028704 0.341531 0.000000
12 0.730375 0.000000 0.731766 0.022981 0.744245 0.043731 0.742234 0.066639 0.730156 0.083102 0.722307 0.082028 0.712844 0.071287 0.711234 0.072722 0.716870 0.101352 0.707208 0.114944 0.693922 0.116380 0.686677 0.107787 0.685469 0.101704 0.682448 0.098843 0.686474 0.079519 0.683859 0.070213 0.678625 0.066278 0.673391 0.076296 0.670573 0.083454 0.660708 0.074870 0.651849 0.059481 0.651448 0.044806 0.659703 0.033713 0.664130 0.027630 0.668063 0.000000
14 0.533672 0.333074 0.575453 0.384074 0.577323 0.413454 0.568594 0.455574 0.565786 0.466667 0.543026 0.462231 0.548016 0.489944 0.539286 0.504361 0.527438 0.487731 0.528057 0.462231 0.505297 0.459454 0.502802 0.446704 0.495943 0.448370 0.494385 0.382963
0 0.561839 0.000000 0.564979 0.038565 0.554375 0.055750 0.557182 0.081806 0.538161 0.112287 0.527250 0.111185 0.514151 0.079028 0.517583 0.075704 0.518208 0.046324 0.515714 0.045222 0.510099 0.028593 0.512573 0.000000
