0 0.258260 0.348907 0.272932 0.367954 0.275495 0.366296 0.290401 0.346426 0.286443 0.339380 0.282714 0.328204 0.266177 0.322824 0.262453 0.335241
0 0.272750 0.384694 0.278911 0.376676 0.279667 0.364380 0.286281 0.360370 0.302068 0.364648 0.310792 0.392444 0.309135 0.398065 0.299063 0.410361 0.296203 0.407148 0.291995 0.412759 0.293047 0.419176 0.287635 0.417574 0.280266 0.404741 0.279964 0.390306 0.274401 0.390306
0 0.500042 0.434602 0.504255 0.426583 0.505307 0.418028 0.509667 0.405463 0.529062 0.411880 0.531771 0.426046 0.537333 0.433000 0.536885 0.443157 0.522146 0.462935 0.518687 0.465343 0.507714 0.454120
0 0.730380 0.343667 0.743635 0.325185 0.747927 0.327491 0.751568 0.322407 0.756115 0.328185 0.756766 0.336269 0.759365 0.347593 0.748578 0.361685 0.747406 0.354519 0.743250 0.360991 0.736229 0.354519
0 0.783979 0.505833 0.787875 0.493815 0.793724 0.487120 0.802823 0.491509 0.808932 0.493583 0.807760 0.510685 0.805573 0.506759 0.798906 0.514630 0.799703 0.526620 0.796974 0.528704 0.788917 0.518769
0 0.532448 0.590046 0.546130 0.572944 0.545682 0.560907 0.537109 0.551287 0.535005 0.539528 0.532599 0.533380 0.527036 0.531778 0.519365 0.540065 0.517865 0.552093 0.506281 0.562787 0.508391 0.569194 0.510495 0.569731 0.522073 0.587111 0.525078 0.592185
0 0.318823 0.632019 0.331453 0.614380 0.329646 0.606093 0.327844 0.594324 0.322130 0.589519 0.306042 0.598602 0.304688 0.608491 0.303182 0.616519 0.308297 0.618917 0.315964 0.631750
1 0.832385 0.284241 0.848339 0.305204 0.846766 0.322981 0.849125 0.343546 0.831937 0.363111 0.813854 0.340954 0.816885 0.323778 0.814755 0.305009
1 0.885240 0.355009 0.900187 0.375574 0.898370 0.391972 0.902786 0.408380 0.883943 0.434028 0.866010 0.412074 0.868995 0.393130 0.866786 0.374185
1 0.554000 0.552454 0.533990 0.527093 0.538167 0.510083 0.536599 0.493380 0.552604 0.470491 0.570177 0.491213 0.569828 0.510389 0.571745 0.526472
1 0.405432 0.584639 0.421807 0.563611 0.421156 0.525491 0.404651 0.504694 0.387885 0.527111 0.388536 0.563380
1 0.397167 0.376750 0.411849 0.397546 0.413411 0.435435 0.395604 0.456222 0.382349 0.438667 0.381443 0.436361 0.379099 0.431741 0.380010 0.397546
1 0.326260 0.354102 0.342786 0.375426 0.342953 0.412120 0.327182 0.433000 0.309396 0.412417 0.311911 0.392000 0.310234 0.375426
1 0.815698 0.494139 0.831948 0.514241 0.829865 0.531796 0.831948 0.553056 0.813750 0.575463 0.796078 0.548898 0.800104 0.532954 0.798937 0.514704 0.804396 0.508231 0.806083 0.506620 0.807641 0.511241 0.810115 0.506389 0.808292 0.503380 0.809203 0.500611
1 0.295693 0.523620 0.309198 0.503037 0.307260 0.467454 0.290625 0.445278 0.274109 0.469074 0.275938 0.483630 0.274510 0.504880 0.287375 0.520389 0.290885 0.518519 0.293224 0.520389
2 0.791047 0.419722 0.800406 0.403778 0.795078 0.395926 0.794687 0.381602 0.788318 0.379287 0.784677 0.382759 0.780651 0.402630 0.781432 0.408167
2 0.708745 0.448046 0.720052 0.465833 0.730187 0.453593 0.727719 0.442731 0.724599 0.428407 0.717583 0.424944 0.711083 0.443657
2 0.558745 0.567778 0.564911 0.567519 0.568370 0.580343 0.573484 0.587833 0.572281 0.595583 0.562958 0.605472 0.551531 0.587565
2 0.339427 0.266454 0.352552 0.279620 0.364505 0.265296 0.362687 0.256519 0.358271 0.254667 0.353719 0.240343 0.346964 0.240139 0.343453 0.259546
3 0.808536 0.425861 0.822521 0.445111 0.834703 0.425056 0.827635 0.415972 0.826729 0.407685 0.822219 0.395389 0.819667 0.402333 0.814552 0.417306
3 0.747427 0.438537 0.762214 0.457407 0.774568 0.438852 0.767781 0.427102 0.762911 0.409157 0.760302 0.405444 0.756651 0.418130 0.754911 0.428648
3 0.735969 0.257481 0.741833 0.277259 0.746495 0.289287 0.735818 0.305861 0.724391 0.287148 0.727547 0.279667 0.733266 0.256407
3 0.499646 0.247074 0.519172 0.272120 0.530062 0.254231 0.527427 0.247074 0.528031 0.227389 0.525214 0.222019 0.518974 0.233472 0.512531 0.219880 0.507901 0.225963 0.507500 0.243139
4 0.364573 0.482370 0.369807 0.468056 0.372224 0.448019 0.378667 0.432630 0.382693 0.438352 0.384906 0.449444 0.385714 0.463046 0.393161 0.478435 0.393766 0.490241 0.388125 0.506343 0.374036 0.506704 0.374036 0.493102 0.367396 0.491315 0.366792 0.500620 0.361755 0.492750
4 0.381089 0.558241 0.386953 0.548352 0.381089 0.528833 0.376427 0.524556 0.374771 0.509852 0.374021 0.505046 0.373568 0.493278 0.368307 0.491676 0.366203 0.505574 0.360339 0.517870 0.360938 0.526157 0.356427 0.538991 0.355526 0.544870 0.356880 0.559574 0.369057 0.565991 0.372516 0.565722 0.378531 0.557972
4 0.705927 0.317519 0.711036 0.315648 0.713594 0.324204 0.716151 0.346120 0.722469 0.356278 0.727427 0.375528 0.717656 0.392898 0.702016 0.390231 0.697354 0.382213 0.694797 0.368037 0.699161 0.353870 0.699161 0.348528 0.701417 0.342917
4 0.700620 0.438778 0.709036 0.420593 0.706182 0.405889 0.698516 0.392528 0.696859 0.379694 0.693552 0.361787 0.688437 0.362583 0.687083 0.378093 0.684531 0.391194 0.680469 0.397074 0.679870 0.404556 0.676260 0.414981 0.676708 0.423537 0.680016 0.430491 0.683026 0.431019 0.686635 0.436370
5 0.901682 0.440537 0.911036 0.449778 0.913896 0.465722 0.910781 0.470806 0.902073 0.494602 0.886479 0.474731 0.892714 0.452093 0.895833 0.448167
5 0.497599 0.585907 0.506698 0.569509 0.510203 0.569046 0.518130 0.581056 0.522943 0.604852 0.510594 0.622185 0.508255 0.618713 0.511766 0.611787 0.510073 0.603241 0.499937 0.590991
6 0.318406 0.304769 0.322109 0.306963 0.323797 0.313750 0.326380 0.321537 0.330198 0.346704 0.327729 0.355889 0.326714 0.354093 0.314026 0.370657 0.308630 0.370463 0.305823 0.358083 0.305714 0.342509 0.309870 0.333324 0.310542 0.315750
6 0.677568 0.583046 0.691099 0.582778 0.695911 0.576630 0.696813 0.553370 0.692302 0.538407 0.691703 0.522630 0.684484 0.512741 0.677115 0.526370 0.675161 0.545083 0.672005 0.556046 0.672453 0.572083
7 0.710005 0.537269 0.728927 0.512574 0.726510 0.500769 0.722286 0.498972 0.718458 0.479648 0.709198 0.467120 0.706182 0.474639 0.698531 0.474278 0.695917 0.485731 0.698328 0.496472 0.689875 0.507565 0.691891 0.513287
7 0.751812 0.569250 0.768521 0.595130 0.775526 0.591769 0.789542 0.568296 0.787385 0.559194 0.780646 0.553444 0.780646 0.544824 0.774719 0.526620 0.769599 0.529972 0.760703 0.530444 0.757203 0.540028 0.758547 0.552491 0.752891 0.560148
7 0.401708 0.613407 0.421740 0.640741 0.425234 0.638667 0.442932 0.615065 0.439443 0.604713 0.434318 0.598917 0.434318 0.581111 0.430125 0.570759 0.424302 0.575315 0.413589 0.575315 0.410562 0.596019
7 0.300474 0.545528 0.317349 0.567796 0.329703 0.552019 0.329182 0.541509 0.329354 0.530370 0.331964 0.521398 0.328661 0.505315 0.320656 0.508722 0.315958 0.501917 0.312130 0.509648 0.306563 0.525426 0.309000 0.529750 0.302385 0.538722
8 0.288141 0.519667 0.291792 0.519056 0.297708 0.526787 0.299448 0.541935 0.297187 0.546889 0.301708 0.562046 0.301885 0.569157 0.294578 0.580296 0.287792 0.579676 0.282052 0.570704 0.281875 0.557713 0.285531 0.553380 0.286573 0.544417 0.283443 0.534519
8 0.858307 0.454722 0.865786 0.448843 0.868224 0.441731 0.867005 0.429972 0.864047 0.424407 0.864745 0.416676 0.863870 0.399352 0.859000 0.388222 0.853083 0.392546 0.852391 0.400898 0.850130 0.404306 0.852563 0.418222 0.847521 0.434926 0.847865 0.442657 0.851870 0.451315
8 0.838130 0.548833 0.850010 0.542944 0.851062 0.528509 0.848656 0.519694 0.848052 0.498037 0.845948 0.487611 0.838432 0.480667 0.834370 0.488417 0.832115 0.496972 0.834521 0.511139 0.833620 0.520222 0.830609 0.527176 0.830760 0.540009
9 0.596589 0.200046 0.604245 0.187361 0.608594 0.185509 0.610156 0.178704 0.614854 0.181796 0.620943 0.204370 0.621813 0.231898 0.614682 0.238704 0.611026 0.243963 0.612943 0.260972 0.607724 0.274583 0.602156 0.273037 0.582667 0.245204 0.581453 0.237472 0.585281 0.230667 0.584755 0.212102
10 0.533182 0.455352 0.537010 0.442824 0.540026 0.425611 0.554521 0.399528 0.563177 0.390574 0.581495 0.419528 0.584917 0.433167 0.586125 0.453204 0.589547 0.462148 0.580891 0.480046 0.569823 0.490028 0.551500 0.471065 0.545865 0.479324 0.533589 0.464296
11 0.493104 0.354509 0.508937 0.328806 0.527380 0.350759 0.530859 0.375852 0.530682 0.378602 0.524245 0.388185 0.526854 0.394991 0.516594 0.407398 0.510156 0.407398 0.501453 0.407398 0.488583 0.383546 0.488406 0.375537 0.491714 0.365019
11 0.689542 0.227296 0.693734 0.223981 0.710969 0.246759 0.711432 0.260417 0.715625 0.270769 0.713760 0.287333 0.697927 0.305556 0.686510 0.305139 0.668115 0.280713 0.669974 0.267870 0.673469 0.263731 0.674401 0.247167
11 0.318703 0.443130 0.333740 0.424417 0.338099 0.423880 0.352385 0.443667 0.353583 0.459704 0.357797 0.469324 0.356443 0.479750 0.354641 0.484565 0.352984 0.483231 0.340505 0.498463 0.329677 0.501676 0.314339 0.478417 0.314042 0.467722 0.317047 0.459167
12 0.386849 0.227537 0.393313 0.239833 0.400380 0.243574 0.407750 0.256676 0.414964 0.261222 0.421734 0.255870 0.436922 0.233954 0.437974 0.219519 0.432260 0.209630 0.429703 0.195463 0.425339 0.183167 0.416771 0.177815 0.406995 0.179417 0.399927 0.188509 0.394063 0.208287 0.390755 0.216046
12 0.646714 0.457269 0.654229 0.452463 0.657240 0.445241 0.669115 0.434815 0.673776 0.429204 0.672724 0.415574 0.667464 0.406481 0.664307 0.393111 0.659344 0.381620 0.651823 0.377343 0.645057 0.374935 0.636188 0.384028 0.630323 0.398463 0.629271 0.407815 0.624760 0.417713 0.625661 0.424389 0.629422 0.430806 0.629422 0.434019 0.632578 0.435889
12 0.603406 0.469565 0.610776 0.468231 0.621750 0.447111 0.628969 0.442037 0.628969 0.431074 0.623255 0.421454 0.622203 0.408620 0.618141 0.393917 0.609573 0.387231 0.602505 0.385093 0.593484 0.394185 0.587917 0.405676 0.586417 0.418241 0.583708 0.428398 0.582203 0.430537 0.583406 0.436954 0.585964 0.444704 0.586266 0.450852 0.591224 0.449519 0.597995 0.461546
12 0.794052 0.362454 0.805885 0.344204 0.812495 0.337713 0.813193 0.322861 0.807974 0.316676 0.805016 0.303380 0.799969 0.287917 0.790573 0.283278 0.784313 0.282343 0.778917 0.287917 0.769698 0.310806 0.763432 0.325954 0.764130 0.336787 0.767437 0.342352 0.771089 0.342972 0.778917 0.351009
4 0.355333 0.647204 0.367411 0.648991 0.378281 0.632176 0.374255 0.610704 0.368620 0.605694 0.363792 0.569907 0.359563 0.573120 0.354932 0.584935 0.351714 0.605333 0.346078 0.617500 0.343661 0.632528 0.347687 0.641833
11 0.435693 0.505750 0.446635 0.523556 0.461078 0.528528 0.478781 0.501194 0.474120 0.465176 0.457120 0.444056 0.440818 0.467657 0.440349 0.482981
14 0.494750 0.666074 0.513615 0.639250 0.508224 0.620565 0.511729 0.612417 0.510380 0.604750 0.492057 0.579843 0.471844 0.604750 0.473464 0.621519 0.472115 0.639731
13 0.645359 0.519750 0.653740 0.533000 0.666083 0.545417 0.676568 0.536722 0.677964 0.524306 0.681458 0.520574 0.685885 0.508981 0.680526 0.501944 0.679828 0.483315 0.666318 0.466333 0.652578 0.481657 0.650479 0.499870 0.648620 0.507324
