13 0.064521 0.399454 0.073281 0.381796 0.070359 0.334028 0.065104 0.329870 0.058385 0.303806 0.036245 0.277741 0.029411 0.276602 0.004932 0.299130 0.001370 0.321778 0.000000 0.333389 0.000000 0.392435 0.012760 0.409213 0.015682 0.404648 0.041797 0.404019 0.043724 0.391870 0.060661 0.390731
0 0.641542 0.492185 0.654391 0.469343 0.663156 0.438185 0.680094 0.425722 0.708719 0.434037 0.720984 0.478685 0.728578 0.493231 0.720401 0.519185 0.686521 0.563843 0.642708 0.510880
1 0.384604 0.373639 0.419943 0.417611 0.452760 0.373639 0.449224 0.340426 0.453771 0.291065 0.418932 0.251565 0.385609 0.293750 0.388641 0.332352
1 0.366240 0.957222 0.401693 0.910963 0.397542 0.875426 0.399807 0.837213 0.366995 0.792963 0.331167 0.837880 0.335318 0.865370 0.330036 0.908278 0.334943 0.922361 0.336448 0.942472 0.351536 0.955213 0.357943 0.946500
1 0.120964 0.754417 0.115729 0.731139 0.115729 0.690028 0.084750 0.652019 0.059875 0.678398 0.055510 0.696231 0.056385 0.710972 0.052458 0.717176 0.054203 0.734250 0.055948 0.742778 0.055948 0.769926 0.059875 0.773037 0.070349 0.795528 0.087802 0.817250 0.103510 0.789324 0.102641 0.769926 0.104823 0.760620 0.116167 0.759074
1 0.279729 0.701315 0.312536 0.651704 0.308016 0.616167 0.311786 0.578620 0.276714 0.534370 0.244281 0.580630 0.248802 0.609463 0.241641 0.651704 0.250688 0.665778
2 0.508599 0.176352 0.524250 0.179944 0.533339 0.204176 0.534344 0.233796 0.541411 0.248157 0.542422 0.267009 0.539396 0.294833 0.518188 0.315472 0.470229 0.258926 0.475781 0.233796 0.491937 0.202380 0.495469 0.192509
3 0.509000 0.769565 0.545797 0.717648 0.528276 0.693759 0.532948 0.683370 0.541125 0.674028 0.534698 0.631454 0.527687 0.637685 0.513089 0.607565 0.500818 0.635602 0.481542 0.623139 0.478036 0.656370 0.487385 0.677148 0.488552 0.698954 0.497901 0.709333 0.496146 0.730111 0.489719 0.746722
3 0.116885 0.536722 0.103307 0.521296 0.088599 0.505204 0.100292 0.467657 0.098781 0.446880 0.091240 0.416704 0.097276 0.390556 0.111984 0.399944 0.124802 0.372454 0.138005 0.399944 0.148943 0.401954 0.154219 0.436824 0.142531 0.457602 0.147807 0.473694 0.143661 0.481741 0.142531 0.500509
4 0.428807 0.663037 0.402193 0.654500 0.386922 0.622694 0.391719 0.579259 0.397828 0.570722 0.397391 0.533491 0.402193 0.519528 0.418771 0.513315 0.437536 0.517194 0.443208 0.547454 0.440589 0.567620 0.452370 0.597870 0.454552 0.616491 0.456297 0.625028
4 0.022979 0.519769 0.032240 0.513037 0.042760 0.519019 0.049495 0.521639 0.054120 0.542593 0.054120 0.567657 0.061484 0.593093 0.063380 0.607315 0.059802 0.614796 0.061698 0.630880 0.048021 0.621898 0.044021 0.628630 0.045281 0.634620 0.014979 0.635370 0.012458 0.646213 0.004672 0.638731 0.001094 0.620407 0.003198 0.609185 0.003406 0.587111 0.011823 0.574759 0.010771 0.548954 0.011406 0.522389 0.016453 0.519398
5 0.526708 0.827630 0.558391 0.871204 0.565177 0.869861 0.579510 0.839694 0.578000 0.818241 0.579885 0.804157 0.578375 0.782037 0.571964 0.767954 0.569667 0.734370 0.558615 0.728537 0.551411 0.734907 0.553375 0.765074 0.543266 0.780694 0.538703 0.798056
7 0.352036 0.529806 0.367688 0.510963 0.368698 0.482241 0.357089 0.473259 0.343958 0.426593 0.334870 0.423898 0.327802 0.438259 0.307609 0.433769 0.297005 0.450824 0.305083 0.471463 0.294484 0.488519 0.294990 0.510963 0.305083 0.521731 0.318719 0.534296 0.325281 0.522630 0.336385 0.526213 0.343453 0.515444 0.350016 0.521731
7 0.498620 0.915870 0.499599 0.895593 0.514266 0.895593 0.517526 0.916454 0.540016 0.926880 0.539365 0.947167 0.543276 0.957009 0.543276 0.973815 0.533823 0.981926 0.523391 0.999315 0.512844 1.000000 0.495672 1.000000 0.470917 0.973815 0.470589 0.951222 0.474172 0.946583 0.473521 0.926306
8 0.642234 0.887657 0.661422 0.885861 0.674547 0.865222 0.667479 0.823037 0.666974 0.783546 0.659906 0.727898 0.640219 0.745843 0.624063 0.778157 0.619516 0.858935
9 0.222792 0.905157 0.233896 0.901574 0.263687 0.862074 0.267724 0.834259 0.261161 0.809120 0.256115 0.769630 0.239453 0.708602 0.233896 0.711287 0.235411 0.737324 0.228344 0.731935 0.209667 0.742704 0.202094 0.785787 0.181391 0.788481 0.183917 0.823481 0.181391 0.842333
10 0.181411 0.197231 0.225740 0.130009 0.273979 0.215769 0.279521 0.271398 0.272021 0.284731 0.264526 0.271981 0.252141 0.273722 0.250188 0.302694 0.243990 0.334565 0.235516 0.348472 0.237797 0.325287 0.225089 0.310222 0.215635 0.318917 0.215307 0.349630 0.203573 0.332241 0.206510 0.307324 0.199990 0.299796 0.200641 0.278352 0.191516 0.266185 0.184021 0.269657 0.179781 0.305009 0.170656 0.289361 0.169349 0.273139 0.175870 0.260972 0.175542 0.249380
11 0.498953 0.555926 0.520661 0.556824 0.551464 0.512843 0.549948 0.477843 0.543885 0.462583 0.542880 0.432963 0.512083 0.395269 0.500974 0.393472 0.471693 0.439241 0.471693 0.462583 0.460583 0.495787 0.469672 0.524509
12 0.381859 0.803287 0.390151 0.766056 0.412839 0.739676 0.438146 0.746657 0.455599 0.785444 0.460839 0.818028 0.470875 0.831991 0.466073 0.843620 0.449057 0.865343 0.440766 0.871546 0.428109 0.894824 0.421130 0.905685 0.401932 0.897148 0.404547 0.866898 0.398005 0.851380 0.399750 0.834315 0.384474 0.814926
12 0.058823 0.774194 0.067625 0.796213 0.077729 0.823444 0.080661 0.829241 0.019156 0.827157 0.012932 0.832139 0.011526 0.849176 0.012115 0.858676 0.004781 0.848194 0.001099 0.850222 0.000000 0.805852 0.000000 0.781759 0.007880 0.763537 0.011266 0.758546 0.011526 0.776046 0.011823 0.804093 0.018307 0.811630 0.055203 0.807630 0.056901 0.769556
11 0.183432 0.602444 0.201359 0.632000 0.234281 0.649380 0.245359 0.632000 0.249922 0.615194 0.243406 0.579269 0.260682 0.558981 0.260682 0.530593 0.246339 0.516102 0.229063 0.490028 0.222219 0.490028 0.209505 0.513204 0.192557 0.526537 0.189953 0.564778
1 0.561406 0.997648 0.592708 0.958093 0.598740 0.960111 0.628906 1.000000 0.609208 1.000000
