6 0.312047 0.286407 0.301292 0.239472 0.310094 0.212241 0.314333 0.178046 0.319547 0.169361 0.325740 0.158926 0.334542 0.161241 0.341385 0.179787 0.344646 0.212815 0.351161 0.236574 0.347901 0.251639 0.343339 0.248167
12 0.835651 0.433500 0.848776 0.446065 0.858875 0.462222 0.872000 0.463120 0.882604 0.446963 0.882099 0.412861 0.876547 0.368880 0.880583 0.344648 0.894219 0.367083 0.892703 0.336565 0.870995 0.308741 0.847771 0.311435 0.834641 0.335667 0.827068 0.361694 0.825052 0.378750 0.818484 0.391315 0.821010 0.403880 0.826562 0.410167 0.823536 0.423630
14 0.654271 0.829583 0.691359 0.782269 0.682198 0.744250 0.686995 0.725639 0.686125 0.711676 0.653833 0.670556 0.613693 0.717880 0.618927 0.744250 0.615870 0.783815
12 0.551594 0.000000 0.553448 0.011222 0.545151 0.034685 0.522146 0.043398 0.511964 0.046750 0.490089 0.049435 0.456151 0.011222 0.457990 0.000000
12 0.961234 0.291130 0.974813 0.326667 0.976323 0.340750 0.964630 0.352139 0.948792 0.333370 0.940870 0.338731 0.948036 0.362870 0.931068 0.370917 0.920885 0.372259 0.910703 0.342083 0.916359 0.307898 0.928802 0.292472
11 0.687344 0.204417 0.700052 0.228750 0.713094 0.236287 0.718307 0.258306 0.724172 0.285537 0.722870 0.295389 0.712766 0.305241 0.718307 0.320889 0.699078 0.344065 0.691578 0.351019 0.680495 0.349861 0.666156 0.344065 0.645297 0.305824 0.644318 0.284380 0.652141 0.269315 0.653443 0.242083
11 0.549276 0.529611 0.574911 0.563167 0.595193 0.566176 0.621109 0.533120 0.625901 0.519602 0.625901 0.494056 0.618297 0.482037 0.618297 0.457000 0.609562 0.446481 0.601953 0.451491 0.598573 0.445981 0.600547 0.441472 0.590687 0.420935 0.579703 0.422944 0.574349 0.430454 0.573786 0.449481 0.565052 0.448481 0.554911 0.462009 0.554630 0.484546 0.547589 0.500065
11 0.370297 0.525259 0.396698 0.489917 0.399958 0.459778 0.392458 0.441241 0.390828 0.411111 0.365406 0.379815 0.354000 0.378657 0.344219 0.404731 0.330203 0.412269 0.324010 0.421537 0.326620 0.440083 0.318469 0.458620 0.320750 0.481796 0.341938 0.510778
10 0.752385 0.483093 0.727318 0.447028 0.736896 0.426000 0.736328 0.400954 0.741682 0.388435 0.744500 0.372407 0.766755 0.330843 0.783094 0.323333 0.821406 0.375917 0.821406 0.395444 0.827042 0.408472 0.823943 0.429000 0.831828 0.442528 0.830422 0.457046 0.798870 0.504620 0.796052 0.508130 0.794078 0.501620 0.764500 0.463056
9 0.890958 0.002056 0.898000 0.029602 0.884760 0.032111 0.874339 0.039120 0.876594 0.056648 0.876031 0.069667 0.870115 0.095713 0.860255 0.098213 0.849828 0.078685 0.830109 0.053639 0.819688 0.046630 0.815182 0.027102 0.829266 0.017583 0.829505 0.000000 0.865724 0.000000
8 0.262042 0.621528 0.266568 0.608787 0.262417 0.588676 0.263927 0.571250 0.270714 0.558509 0.279391 0.555824 0.288818 0.563870 0.292214 0.583315 0.291458 0.602083 0.291833 0.622870 0.297115 0.636954 0.297490 0.657065 0.289193 0.662426 0.276370 0.675833 0.265057 0.663102 0.257516 0.647676
7 0.490307 0.743074 0.506932 0.754083 0.521599 0.784796 0.536594 0.756407 0.558432 0.734963 0.544089 0.714102 0.540177 0.703093 0.542458 0.683972 0.540177 0.666009 0.533333 0.657315 0.522578 0.667167 0.507255 0.663694 0.504651 0.672389 0.506281 0.678176 0.503021 0.704250 0.493240 0.718157
7 0.351312 0.613852 0.328188 0.648759 0.313786 0.638676 0.293714 0.600667 0.308115 0.577389 0.312042 0.547139 0.325568 0.526194 0.336917 0.537056 0.352188 0.538611 0.353057 0.565759 0.347823 0.585148 0.348698 0.588250
0 0.212828 0.243398 0.230927 0.254796 0.247901 0.276250 0.256948 0.256139 0.275807 0.234009 0.267130 0.221269 0.259969 0.199815 0.230172 0.186407 0.224896 0.215241
0 0.252427 0.288315 0.255063 0.266194 0.265625 0.260824 0.273542 0.264176 0.285234 0.257472 0.298432 0.272898 0.314276 0.316472 0.313896 0.331898 0.292401 0.357370 0.288250 0.348657 0.280333 0.356704 0.280333 0.368769 0.273167 0.365417 0.256573 0.345306 0.257703 0.315806 0.242995 0.313796
0 0.751667 0.634139 0.737339 0.618713 0.732812 0.595250 0.725646 0.581843 0.709427 0.583852 0.697359 0.603296 0.698115 0.614019 0.677750 0.628769 0.679635 0.648889 0.700000 0.646204 0.702266 0.661620 0.697740 0.669667 0.707542 0.689778 0.715839 0.695148 0.722250 0.689778 0.752042 0.654917
0 0.712927 0.447898 0.734766 0.417194 0.736073 0.403287 0.730854 0.390537 0.724339 0.383000 0.719776 0.363880 0.713255 0.351713 0.685547 0.348231 0.674792 0.358083 0.673161 0.383000 0.665995 0.396333 0.663714 0.406185 0.676422 0.426463 0.699240 0.458333
1 0.490641 0.680019 0.522495 0.633481 0.517651 0.602454 0.519437 0.567546 0.489766 0.527204 0.457479 0.566769 0.456604 0.586157 0.459615 0.605556 0.456167 0.638130
1 0.286969 0.559380 0.311484 0.526528 0.308464 0.493009 0.308464 0.459481 0.277542 0.416574 0.246240 0.460824 0.249255 0.494343 0.245484 0.527870 0.266604 0.559380 0.276786 0.556028
1 0.344521 0.389287 0.375823 0.353750 0.371297 0.319556 0.373938 0.286037 0.343010 0.247148 0.309448 0.290056 0.315859 0.317546 0.308693 0.357778
1 0.474062 0.440444 0.505740 0.398870 0.501214 0.364009 0.504234 0.326463 0.483870 0.298972 0.466896 0.299648 0.439745 0.330491 0.445401 0.361324 0.438234 0.400889
1 0.765234 0.612685 0.797089 0.575454 0.794031 0.539769 0.795781 0.500981 0.765672 0.462972 0.732073 0.506417 0.735125 0.529685 0.730328 0.573130
2 0.385766 0.034000 0.402927 0.050157 0.416563 0.085167 0.397880 0.115676 0.373141 0.077981
2 0.793250 0.711361 0.805464 0.692741 0.801104 0.673352 0.788448 0.648528 0.776229 0.644648 0.768812 0.660167 0.764885 0.682657 0.771865 0.704380
3 0.702667 0.093870 0.719833 0.064250 0.716807 0.051685 0.719833 0.014889 0.714786 0.002324 0.701156 0.023861 0.691057 0.002324 0.680958 0.005009 0.686010 0.034630 0.675406 0.062454
5 0.688786 0.747907 0.693328 0.731759 0.709990 0.716500 0.698380 0.671620 0.701406 0.661750 0.698380 0.642898 0.678182 0.650074 0.664047 0.668028 0.665057 0.689574 0.687271 0.718296 0.683234 0.740731
