5 0.690188 0.737704 0.699484 0.722176 0.707651 0.717167 0.711594 0.709657 0.699203 0.667593 0.702021 0.664083 0.698922 0.643046 0.689906 0.648556 0.682016 0.647056 0.670469 0.663083 0.665396 0.682111 0.665958 0.690630 0.686807 0.713667 0.687370 0.723176 0.683990 0.740204
14 0.615917 0.783352 0.654750 0.827565 0.695766 0.777917 0.683984 0.749222 0.688349 0.725944 0.685729 0.714306 0.652130 0.663111 0.615042 0.712759 0.619406 0.745343
12 0.551969 0.000000 0.547339 0.027843 0.519807 0.045944 0.496802 0.050639 0.462484 0.021139 0.459766 0.000000
11 0.367807 0.529843 0.400536 0.486398 0.400099 0.445287 0.395297 0.442963 0.394859 0.411926 0.377406 0.399519 0.363443 0.374694 0.353844 0.374694 0.344682 0.403398 0.327229 0.412704 0.325484 0.439083 0.319375 0.460806 0.321990 0.483296 0.341625 0.505796
11 0.594318 0.566926 0.603443 0.550694 0.617786 0.533315 0.625932 0.524046 0.629193 0.502602 0.620068 0.482324 0.619740 0.459722 0.610943 0.445241 0.604094 0.448713 0.593339 0.423222 0.584214 0.419157 0.572807 0.444074 0.555531 0.454509 0.553901 0.474787 0.554880 0.484065 0.547380 0.504343 0.549990 0.529259 0.571500 0.559972
11 0.690776 0.201981 0.699229 0.226019 0.715005 0.238037 0.717542 0.265083 0.725427 0.285120 0.724302 0.293130 0.711625 0.307157 0.716979 0.321176 0.695286 0.350222 0.678667 0.350222 0.649932 0.312667 0.644859 0.286120 0.652182 0.272602 0.654156 0.241546
10 0.752724 0.482074 0.727833 0.447880 0.735750 0.427769 0.736505 0.402296 0.739521 0.391565 0.745557 0.364074 0.770073 0.325861 0.781385 0.323176 0.821359 0.374806 0.825510 0.411009 0.833807 0.441852 0.833427 0.457944 0.797599 0.506880 0.795339 0.501519 0.766677 0.463306
9 0.826750 0.000213 0.828703 0.008907 0.815667 0.025713 0.820880 0.048889 0.834896 0.051787 0.854781 0.087130 0.858365 0.098139 0.867490 0.095241 0.872057 0.071491 0.890307 0.054102 0.921271 0.001370
8 0.258156 0.643324 0.263813 0.661426 0.286818 0.668130 0.295115 0.657398 0.298510 0.642648 0.292099 0.621861 0.291344 0.573593 0.283427 0.553481 0.270979 0.552139 0.269469 0.566889 0.263813 0.574935 0.269469 0.611806
7 0.486755 0.743944 0.505083 0.755583 0.524719 0.787380 0.536062 0.759454 0.560063 0.734630 0.549589 0.718343 0.541734 0.705935 0.543484 0.684991 0.543047 0.667926 0.537375 0.653954 0.522536 0.666370 0.505521 0.663269 0.503339 0.679556 0.506828 0.705157 0.493302 0.720667
7 0.333339 0.644491 0.353406 0.609583 0.354719 0.590194 0.352099 0.580111 0.353844 0.552185 0.349047 0.535889 0.335953 0.539769 0.328536 0.526583 0.321557 0.527361 0.318062 0.536667 0.306281 0.556833 0.311953 0.574676 0.297557 0.590194 0.295375 0.608815 0.309339 0.621222 0.325484 0.645269
6 0.308693 0.276852 0.303036 0.241315 0.306807 0.221204 0.312089 0.211815 0.315104 0.175611 0.321135 0.168907 0.325661 0.155500 0.335844 0.157509 0.339240 0.176954 0.344141 0.191037 0.353573 0.239981 0.349797 0.252046 0.344896 0.244667 0.318500 0.280204
3 0.681516 0.025657 0.680505 0.040019 0.675458 0.050787 0.702214 0.092074 0.725437 0.064250 0.719380 0.050787 0.720896 0.010398 0.715047 0.000000 0.714656 0.000000 0.703224 0.023861 0.691792 0.000000 0.691068 0.000000 0.685047 0.004111
2 0.366932 0.078972 0.395708 0.111278 0.418427 0.079870 0.407828 0.063713 0.397729 0.034991 0.381573 0.031398 0.377031 0.063713
2 0.763375 0.685565 0.783656 0.713111 0.797458 0.702093 0.805630 0.687574 0.797177 0.671046 0.791547 0.641000 0.777177 0.635491 0.770417 0.648509 0.771260 0.658528
1 0.456339 0.635009 0.491411 0.677241 0.523844 0.632991 0.516677 0.596787 0.519698 0.567963 0.489526 0.524380 0.458599 0.567287 0.460865 0.598806
1 0.288089 0.560093 0.312521 0.528287 0.309031 0.499583 0.310776 0.458472 0.281104 0.418139 0.247068 0.456926 0.250125 0.488731 0.247505 0.531389 0.270635 0.556991 0.274562 0.553111 0.282417 0.553889
1 0.475578 0.437000 0.507891 0.399306 0.502339 0.360713 0.506880 0.324806 0.473057 0.288907 0.440745 0.329296 0.446802 0.360713 0.440240 0.397509
1 0.763859 0.616870 0.800714 0.565713 0.794656 0.537889 0.797687 0.497500 0.766891 0.461593 0.732557 0.506472 0.735589 0.528907 0.733568 0.570194
1 0.377401 0.286296 0.372510 0.319324 0.378380 0.355824 0.360776 0.371472 0.344807 0.395231 0.310583 0.350611 0.315474 0.319324 0.312214 0.286870 0.345458 0.245148
0 0.218099 0.240574 0.227698 0.252204 0.247333 0.276250 0.256495 0.259963 0.278313 0.239019 0.270458 0.222731 0.263042 0.201787 0.249078 0.193250 0.241661 0.194806 0.230750 0.186269
0 0.255620 0.266167 0.262167 0.256861 0.273948 0.262287 0.288786 0.256083 0.301875 0.278583 0.307547 0.297204 0.315839 0.311935 0.314531 0.328231 0.295328 0.354602 0.287474 0.345296 0.280932 0.356935 0.281802 0.366241 0.275260 0.369343 0.258240 0.339861 0.259552 0.318917 0.244276 0.312713 0.251698 0.297972
0 0.741672 0.616648 0.755198 0.632935 0.755198 0.650778 0.729453 0.688009 0.718979 0.688009 0.714620 0.693444 0.700219 0.671722 0.703271 0.660861 0.698036 0.643019 0.685818 0.649222 0.679276 0.637593 0.696729 0.615093 0.703708 0.595704 0.715052 0.581741 0.725964 0.576306
0 0.680151 0.433685 0.696813 0.455222 0.705901 0.448037 0.736698 0.413935 0.736698 0.395083 0.728620 0.385213 0.726094 0.355593 0.716000 0.347519 0.678635 0.352898 0.671568 0.379824 0.663995 0.397778 0.671063 0.411241
