1 0.399802 0.366852 0.413042 0.346815 0.411635 0.326287 0.413323 0.308759 0.396984 0.287722 0.378672 0.310759 0.381771 0.325787 0.378109 0.349324
0 0.288630 0.270815 0.301073 0.275509 0.308995 0.293611 0.310500 0.307694 0.298432 0.328472 0.299568 0.319759 0.293906 0.319093 0.292401 0.331824 0.281089 0.321769 0.279578 0.302333 0.271656 0.299648 0.277318 0.290259 0.280708 0.274167
12 0.388047 0.142148 0.396099 0.152167 0.409583 0.170065 0.416630 0.173639 0.426094 0.157889 0.440182 0.143574 0.438776 0.127120 0.433943 0.121750 0.429714 0.103852 0.421661 0.090972 0.410187 0.087037 0.398714 0.100278 0.394286 0.117093
11 0.330604 0.413000 0.342250 0.413833 0.356224 0.396852 0.357156 0.376981 0.352495 0.367454 0.353661 0.355444 0.336193 0.333500 0.328974 0.340130 0.316161 0.355444 0.316161 0.367454 0.312437 0.380296 0.315927 0.393546
8 0.285599 0.489731 0.296214 0.490352 0.301953 0.483852 0.300385 0.470241 0.298646 0.465917 0.299344 0.442102 0.294818 0.430037 0.289599 0.429417 0.285599 0.434676 0.281599 0.443648 0.286818 0.456944 0.286469 0.464991 0.281599 0.469935 0.281073 0.479213
7 0.305214 0.464648 0.313781 0.473472 0.318896 0.482296 0.325510 0.468926 0.332729 0.457704 0.331828 0.446204 0.328672 0.442731 0.326865 0.429630 0.319948 0.419741 0.306719 0.418407 0.305063 0.420806 0.307318 0.431769 0.304161 0.440056 0.304911 0.447009 0.300250 0.453694 0.300099 0.460370
0 0.259589 0.252713 0.265245 0.230593 0.282974 0.240648 0.289760 0.257407 0.282594 0.272833 0.276562 0.280204 0.264115 0.270815
7 0.425365 0.555611 0.430833 0.539528 0.444510 0.525685 0.435885 0.515583 0.439885 0.509222 0.436937 0.500241 0.425151 0.490139 0.415682 0.490519 0.403688 0.505852 0.408531 0.514833 0.405583 0.528676 0.414844 0.539167
1 0.328161 0.342296 0.345078 0.319991 0.342167 0.305111 0.343260 0.285065 0.327255 0.264046 0.309068 0.287657 0.312339 0.301231 0.308521 0.323546
6 0.308177 0.281713 0.305255 0.267426 0.307448 0.247954 0.311344 0.223713 0.318156 0.215917 0.322786 0.217222 0.327656 0.231500 0.330089 0.257472 0.332036 0.267426 0.326682 0.263102 0.313292 0.281713
2 0.354146 0.194148 0.366318 0.177269 0.359990 0.167315 0.355359 0.150000 0.346354 0.149565 0.343677 0.166009 0.344406 0.176833
1 0.296646 0.434185 0.309740 0.414463 0.306464 0.397000 0.308464 0.378898 0.291917 0.356907 0.274635 0.375991 0.277000 0.395713 0.273729 0.415435 0.287005 0.432889 0.289734 0.429333 0.294464 0.429657
1 0.405583 0.497231 0.423229 0.472981 0.419771 0.454556 0.421589 0.436444 0.405766 0.414139 0.386854 0.438713 0.390490 0.454880 0.388125 0.475574
