1 0.605240 0.214370 0.640979 0.266750 0.638078 0.306241 0.644359 0.346602 0.608620 0.389528 0.598958 0.362056 0.599443 0.338009 0.593167 0.312250 0.584953 0.315685 0.569984 0.268463
1 0.392833 0.347796 0.429536 0.392444 0.425672 0.436241 0.432917 0.472296 0.392349 0.524676 0.355161 0.474019 0.361922 0.431944 0.357094 0.394167
1 0.259427 0.680954 0.295193 0.724667 0.292401 0.774333 0.299104 0.811093 0.258313 0.861759 0.218635 0.808111 0.225901 0.771352 0.219755 0.731620
1 0.306047 0.240296 0.318979 0.208111 0.320271 0.187417 0.332557 0.179370 0.331911 0.155231 0.335146 0.110407 0.295057 0.059833 0.255620 0.115009 0.263375 0.150639 0.260146 0.178222 0.275016 0.208111 0.288594 0.232250
2 0.944375 0.679991 0.921193 0.674843 0.916365 0.649083 0.926505 0.610444 0.936161 0.599287 0.947755 0.582111 0.967073 0.581250 0.983010 0.597565 0.982526 0.638778 0.946307 0.637926
4 0.273031 0.000000 0.283344 0.031852 0.256526 0.079537 0.235849 0.072583 0.216849 0.066620 0.201203 0.021917 0.202229 0.000000
3 0.126099 0.437565 0.143979 0.454454 0.159625 0.481278 0.203771 0.423657 0.184771 0.397824 0.195391 0.369019 0.190922 0.330278 0.180859 0.337231 0.169688 0.297491 0.154599 0.325306 0.133365 0.322324 0.127776 0.370009 0.138391 0.381935 0.137833 0.399815
3 0.744635 0.170324 0.755240 0.193611 0.777375 0.171435 0.801073 0.135407 0.783922 0.117111 0.798578 0.079417 0.790474 0.043389 0.778625 0.050593 0.765839 0.013454 0.752120 0.046157 0.733099 0.038398 0.729047 0.065565 0.737156 0.088287 0.739646 0.118778 0.743703 0.132630 0.743703 0.153139 0.737464 0.158130
3 0.536609 0.676046 0.553031 0.686343 0.564620 0.709528 0.608089 0.652000 0.590703 0.630537 0.604224 0.601343 0.597948 0.560991 0.587802 0.563565 0.573797 0.526648 0.558823 0.560991 0.542406 0.552407 0.537094 0.579880 0.543370 0.605639 0.546750 0.633111 0.537094 0.653722
1 0.545448 0.004787 0.541583 0.022824 0.548344 0.060602 0.507823 0.116491 0.488604 0.077167 0.493240 0.069009 0.489036 0.023769 0.474016 0.010370 0.474016 0.000000 0.474286 0.000000
4 0.694547 0.000000 0.704536 0.027028 0.688599 0.057935 0.672177 0.069954 0.669281 0.025315 0.629193 0.026167 0.632760 0.000000
14 0.670151 0.863991 0.718443 0.796157 0.712167 0.723176 0.666286 0.656213 0.616057 0.717167 0.613156 0.736917 0.618953 0.761815 0.614125 0.798741
12 0.102630 0.693269 0.129453 0.727046 0.157391 0.759833 0.172479 0.755861 0.175833 0.718111 0.205448 0.701222 0.213833 0.699231 0.217182 0.666454 0.204333 0.647574 0.195391 0.609824 0.180859 0.583991 0.159068 0.575056 0.130568 0.601880 0.116042 0.648565
12 0.766500 0.735630 0.780990 0.720176 0.784854 0.689269 0.813349 0.669519 0.812865 0.643759 0.799823 0.624870 0.794995 0.589667 0.783885 0.563056 0.759740 0.550176 0.736073 0.560472 0.721583 0.599972 0.718203 0.620574 0.703229 0.649769 0.705646 0.669519 0.714339 0.678963 0.729313 0.678963 0.743802 0.695278 0.749115 0.721889
12 0.621813 0.238778 0.629750 0.197731 0.645625 0.172722 0.666547 0.161815 0.688557 0.179778 0.700823 0.214407 0.704427 0.238139 0.717417 0.255454 0.717417 0.265074 0.711646 0.281111 0.693969 0.302917 0.685307 0.298426 0.681339 0.312537 0.672682 0.334343 0.662943 0.343963 0.650677 0.340759 0.643823 0.326648 0.647792 0.300352 0.641656 0.282389 0.639854 0.265722
12 0.262589 0.314250 0.285547 0.303120 0.295563 0.258593 0.281370 0.236333 0.267177 0.185130 0.242969 0.163611 0.208323 0.181417 0.194547 0.230398 0.183276 0.263046 0.197052 0.286056 0.205401 0.295704 0.213750 0.288278 0.222516 0.297185 0.224188 0.311287 0.230865 0.339481 0.249646 0.344676
9 0.458177 0.341963 0.476047 0.315343 0.493917 0.298176 0.494880 0.255241 0.488604 0.233778 0.484255 0.184843 0.469286 0.134185 0.462521 0.134185 0.461073 0.160796 0.451896 0.153074 0.440792 0.163370 0.430646 0.178824 0.426781 0.210593 0.404083 0.212315 0.401187 0.226907 0.407948 0.254389 0.408432 0.272417 0.411328 0.296454
11 0.423375 0.548528 0.461359 0.598241 0.471797 0.596759 0.513536 0.546296 0.516875 0.523296 0.508526 0.502519 0.508948 0.468380 0.489328 0.453537 0.476807 0.426824 0.463448 0.426824 0.453427 0.455769 0.433812 0.466157 0.431307 0.486194 0.432141 0.501778 0.425047 0.519583
8 0.435099 0.936269 0.462901 0.939722 0.476479 0.907537 0.469370 0.874204 0.471953 0.825926 0.466781 0.802935 0.465490 0.773056 0.444151 0.789148 0.435099 0.805231 0.426693 0.814435 0.425401 0.868454 0.424755 0.894889
7 0.318526 0.676611 0.327578 0.658222 0.324995 0.630639 0.342448 0.606500 0.354734 0.628343 0.377365 0.617991 0.381245 0.640981 0.379302 0.655926 0.393526 0.682361 0.393526 0.695009 0.364432 0.731787 0.348271 0.740981 0.315943 0.699602
7 0.753849 0.465926 0.718292 0.411898 0.722818 0.361324 0.748677 0.353278 0.748677 0.331444 0.770661 0.329148 0.771953 0.353278 0.795875 0.363630 0.803635 0.400407 0.784885 0.433741
7 0.151391 0.203019 0.165953 0.183722 0.183906 0.158491 0.180984 0.137713 0.173469 0.128065 0.175974 0.106546 0.164328 0.082056 0.145922 0.087250 0.132604 0.073157 0.123422 0.079833 0.124214 0.097639 0.111734 0.126583 0.103760 0.135491 0.103385 0.161463 0.115906 0.173333 0.133437 0.199306
6 0.045490 0.597537 0.062943 0.604435 0.089453 0.590639 0.095271 0.548111 0.089453 0.525120 0.091396 0.473398 0.059068 0.436611 0.059714 0.499833 0.057125 0.505583 0.033203 0.510176 0.040964 0.514778 0.036437 0.542361
5 0.087885 0.229611 0.099786 0.251417 0.117104 0.293102 0.113500 0.309778 0.100151 0.315556 0.093297 0.336713 0.079948 0.345694 0.066599 0.326454 0.059385 0.319398 0.054693 0.305935 0.059385 0.292463 0.066240 0.277713 0.064797 0.259750 0.071651 0.248213 0.077422 0.235380
5 0.784354 0.262676 0.800635 0.281972 0.814411 0.303491 0.832776 0.290880 0.839875 0.232250 0.836953 0.206278 0.828604 0.187731 0.829437 0.160269 0.818167 0.146917 0.810234 0.153593 0.809818 0.181046 0.798130 0.207769
4 0.653344 0.583231 0.677490 0.585806 0.699224 0.547167 0.696323 0.510250 0.687630 0.493935 0.689562 0.463028 0.682802 0.432972 0.659135 0.422667 0.640786 0.438130 0.639333 0.487065 0.628229 0.536009 0.632089 0.560046
4 0.243302 0.608556 0.261667 0.612269 0.274609 0.612269 0.296734 0.576648 0.291724 0.540287 0.281286 0.521731 0.283375 0.494278 0.279198 0.465333 0.270432 0.454944 0.259583 0.451241 0.249563 0.458657 0.242885 0.459398 0.233703 0.466824 0.233703 0.520250 0.226187 0.538806 0.224937 0.558843 0.227026 0.584815
4 0.323734 0.452935 0.336672 0.454370 0.349875 0.461556 0.361734 0.442389 0.361193 0.423231 0.356344 0.395926 0.367932 0.383463 0.359578 0.368611 0.361193 0.335556 0.355536 0.305852 0.347182 0.304898 0.337750 0.297713 0.328318 0.304417 0.317807 0.304898 0.311339 0.313519 0.312146 0.329333 0.313495 0.354241 0.305682 0.380111 0.304333 0.395926 0.300828 0.409333 0.306219 0.437120
6 0.834458 -0.000000 0.832276 0.032019 0.850380 0.065352 0.874948 0.055009 0.885292 0.027417 0.883443 0.000000
0 0.730948 0.950074 0.753297 0.982852 0.766151 0.985833 0.808063 0.932194 0.803589 0.899407 0.783474 0.885500 0.782354 0.866630 0.766151 0.843778 0.751625 0.850731 0.738214 0.889472 0.720328 0.909343 0.725917 0.934176 0.725359 0.942130
