2 0.455250 0.708176 0.463370 0.712185 0.471641 0.726620 0.478255 0.725019 0.489380 0.715130 0.488781 0.699361 0.482766 0.690000 0.479307 0.671824 0.471036 0.667009 0.464120 0.670750 0.459911 0.681176 0.455698 0.690537
0 0.604526 0.412296 0.579839 0.382074 0.590786 0.370481 0.602198 0.343565 0.613380 0.348537 0.618734 0.363852 0.616406 0.369648 0.626656 0.383731
0 0.758802 0.663796 0.777521 0.636528 0.775698 0.627750 0.770760 0.623361 0.768422 0.600722 0.758932 0.603722 0.747630 0.602796 0.742427 0.617352 0.735411 0.629602 0.736453 0.637454 0.743469 0.649472
0 0.314927 0.593796 0.332969 0.564657 0.328760 0.553426 0.325453 0.548083 0.323349 0.538185 0.311469 0.527500 0.301094 0.528565 0.297786 0.542731 0.297182 0.553426 0.299891 0.557167 0.300193 0.570000 0.298839 0.576954
0 0.429797 0.413704 0.446203 0.390750 0.447172 0.382463 0.439307 0.371593 0.432224 0.348120 0.423875 0.346222 0.418536 0.352435 0.416495 0.362963 0.417271 0.369352 0.407177 0.379528 0.405911 0.385935 0.411448 0.394370
1 0.707005 0.689287 0.729349 0.714343 0.748474 0.689287 0.744849 0.671750 0.747266 0.653861 0.728344 0.627019 0.711031 0.651713 0.711635 0.672472
1 0.730120 0.593963 0.747417 0.567806 0.745396 0.554028 0.745281 0.532269 0.729443 0.510102 0.710688 0.534065 0.714396 0.549435 0.712260 0.565815 0.714505 0.573398
1 0.560266 0.342991 0.578010 0.321074 0.575151 0.302630 0.576203 0.283648 0.559964 0.262259 0.541469 0.285250 0.545229 0.301287 0.542224 0.323481
1 0.471938 0.345370 0.490583 0.319444 0.486526 0.300463 0.489380 0.283352 0.471187 0.260898 0.452094 0.286028 0.455698 0.302870 0.453745 0.321046
1 0.284875 0.617417 0.301479 0.593083 0.298859 0.574796 0.300896 0.563917 0.300411 0.558056 0.284099 0.535102 0.266625 0.558056 0.269828 0.572380 0.267693 0.594120
1 0.312010 0.700037 0.329646 0.675676 0.327063 0.659704 0.328750 0.638935 0.310552 0.614972 0.293594 0.641528 0.295391 0.658306 0.294042 0.678472
2 0.570839 0.514037 0.578318 0.495796 0.582323 0.484963 0.592760 0.482491 0.598500 0.492389 0.599547 0.514352 0.604766 0.520537 0.604766 0.527343 0.601109 0.542806 0.593458 0.552398 0.584932 0.546824 0.583365 0.536000 0.572578 0.530435
2 0.426922 0.519944 0.434229 0.500157 0.440495 0.487167 0.447453 0.485000 0.455802 0.492111 0.455979 0.509741 0.462240 0.520880 0.461719 0.529231 0.458760 0.531389 0.455453 0.541602 0.449885 0.552426 0.441188 0.544694 0.441885 0.532630 0.438229 0.529537 0.432141 0.533556
2 0.553969 0.711185 0.547656 0.711185 0.542609 0.703759 0.547172 0.685991 0.553187 0.676491 0.560859 0.664935 0.567557 0.666139 0.572604 0.675111 0.572703 0.688231 0.572896 0.694963 0.568240 0.698926 0.560667 0.714120
3 0.500099 0.390139 0.508448 0.397556 0.515234 0.406222 0.534719 0.378074 0.525849 0.368796 0.533156 0.355185 0.529849 0.333537 0.524630 0.337250 0.518193 0.320231 0.512453 0.336315 0.502708 0.332611 0.502359 0.350546 0.504448 0.355500 0.506016 0.369417 0.500969 0.383639
3 0.669250 0.637102 0.676167 0.644315 0.683839 0.656315 0.704135 0.626380 0.695417 0.616519 0.702333 0.603657 0.699026 0.583630 0.694062 0.585241 0.687448 0.568398 0.681130 0.585481 0.672411 0.580157 0.669854 0.598574 0.674365 0.610630 0.674667 0.620259 0.670453 0.631454
3 0.502099 0.839148 0.504885 0.828315 0.511495 0.832648 0.518802 0.818111 0.525589 0.832648 0.531156 0.833889 0.532370 0.841000 0.505406 0.840380
3 0.331932 0.635991 0.339505 0.643759 0.346203 0.654287 0.365521 0.627537 0.357656 0.616657 0.364547 0.601648 0.359792 0.583176 0.356104 0.587843 0.349599 0.569722 0.344161 0.584731 0.333583 0.581454 0.332708 0.595954 0.336495 0.607343 0.336979 0.618213
4 0.241156 0.634556 0.245818 0.615315 0.247172 0.601139 0.249125 0.588583 0.251531 0.585907 0.260401 0.582694 0.266870 0.587509 0.267469 0.595796 0.270026 0.607824 0.268974 0.611037 0.273635 0.626806 0.275891 0.640972 0.265516 0.659954 0.251833 0.656481 0.245365 0.645787
4 0.497766 0.267500 0.503333 0.286056 0.522995 0.291315 0.534651 0.275546 0.531521 0.253583 0.526995 0.245537 0.527172 0.231935 0.525083 0.219250 0.516729 0.215231 0.506292 0.219556 0.503510 0.234713 0.504031 0.245537
4 0.570339 0.266250 0.575510 0.245880 0.575510 0.227713 0.577979 0.216130 0.589214 0.215130 0.597521 0.220324 0.598646 0.237694 0.597635 0.246278 0.603589 0.258657 0.604823 0.270843 0.596286 0.291204 0.583932 0.289009 0.578203 0.285815 0.571802 0.276630
5 0.446021 0.565361 0.462328 0.583972 0.477021 0.562500 0.476417 0.552833 0.471786 0.544963 0.475411 0.544963 0.475010 0.524565 0.460312 0.529926 0.458302 0.536731 0.449844 0.553546
5 0.573526 0.582398 0.587615 0.563787 0.580167 0.545176 0.572516 0.531574 0.558026 0.525491 0.554604 0.538380 0.558828 0.547685 0.553594 0.558778 0.554000 0.565935 0.563260 0.570222
6 0.671375 0.759454 0.680922 0.759861 0.691172 0.749926 0.686510 0.718454 0.685349 0.696102 0.676495 0.686991 0.666714 0.693194 0.661823 0.713074 0.663453 0.726324 0.661823 0.738750 0.663453 0.748269
6 0.369286 0.747176 0.369432 0.728472 0.365677 0.696657 0.357406 0.686231 0.347031 0.698259 0.343271 0.717241 0.342068 0.735685 0.345677 0.756537 0.365073 0.756269
7 0.405203 0.744250 0.426167 0.771167 0.449458 0.739287 0.437578 0.725620 0.441302 0.719407 0.437578 0.698704 0.429427 0.704500 0.420344 0.700361 0.417313 0.704093 0.418245 0.713194 0.411958 0.726037
7 0.583391 0.741750 0.605948 0.770093 0.625797 0.742287 0.622938 0.731324 0.615870 0.726519 0.613917 0.705667 0.605344 0.710213 0.594521 0.706463 0.589104 0.715019 0.590609 0.727315
7 0.599651 0.503593 0.611531 0.517907 0.619781 0.513611 0.633474 0.493213 0.632062 0.482120 0.624615 0.476398 0.623807 0.462435 0.613948 0.454204 0.597437 0.466370 0.599854 0.478898 0.594620 0.487130
7 0.421130 0.516065 0.436333 0.495037 0.435036 0.483259 0.431526 0.478639 0.432958 0.467315 0.429708 0.462694 0.414115 0.456000 0.407484 0.464315 0.407354 0.475861 0.398776 0.486722 0.400078 0.499204 0.404755 0.500583 0.413594 0.513759
8 0.569062 0.769981 0.579589 0.766778 0.581391 0.749130 0.577333 0.738435 0.579437 0.724000 0.575375 0.700750 0.569062 0.696741 0.560641 0.713574 0.555979 0.728009 0.556880 0.753139
8 0.591036 0.650657 0.596604 0.647870 0.599562 0.635815 0.596255 0.619111 0.596432 0.602102 0.593474 0.591583 0.593995 0.581065 0.585120 0.580139 0.578510 0.589111 0.575203 0.605500 0.574682 0.628389 0.576422 0.638907 0.585990 0.650037
8 0.444562 0.651250 0.435464 0.647778 0.432083 0.630454 0.433125 0.622602 0.433760 0.598111 0.438323 0.589787 0.441833 0.580546 0.449229 0.578935 0.452620 0.584019 0.451187 0.588407 0.454307 0.601111 0.453385 0.614972 0.452490 0.620750 0.454828 0.634380 0.455349 0.637843
9 0.492141 0.514046 0.512068 0.542315 0.518708 0.545176 0.539849 0.516185 0.531797 0.494000 0.530786 0.468954 0.521729 0.444972 0.519313 0.457852 0.514682 0.455713 0.507234 0.468954 0.503615 0.483269 0.493146 0.483981 0.495156 0.506167
10 0.487203 0.657889 0.517120 0.694296 0.544875 0.660278 0.540292 0.649259 0.541104 0.629139 0.528974 0.602315 0.514151 0.586981 0.497177 0.611889 0.490172 0.631537
11 0.554943 0.465046 0.572057 0.444296 0.571854 0.418528 0.569437 0.412444 0.570245 0.400630 0.549307 0.374870 0.530385 0.404574 0.532198 0.416380 0.529177 0.424611 0.530182 0.438213 0.535620 0.453241
11 0.637719 0.712657 0.653557 0.690713 0.652156 0.669602 0.649365 0.645167 0.631427 0.626537 0.610698 0.652620 0.608604 0.677880 0.620714 0.698167
11 0.486964 0.842000 0.495589 0.830019 0.490464 0.803667 0.490464 0.791694 0.471604 0.770611 0.451391 0.793611 0.448156 0.821398 0.452740 0.837204 0.458130 0.842000
12 0.453943 0.433593 0.480214 0.467926 0.492563 0.451528 0.498307 0.435444 0.505266 0.432972 0.504745 0.418130 0.499349 0.411630 0.497609 0.396167 0.489260 0.382250 0.476734 0.380083 0.464729 0.395546 0.461250 0.408852
12 0.646453 0.608880 0.653901 0.592056 0.665979 0.578815 0.665578 0.563065 0.659135 0.552694 0.655516 0.533009 0.642630 0.519769 0.626323 0.527639 0.620490 0.551620 0.617068 0.564139 0.614448 0.574167 0.619844 0.584361 0.634276 0.603222
12 0.550917 0.841380 0.538234 0.832074 0.532198 0.818481 0.542063 0.803093 0.544880 0.785917 0.555349 0.771954 0.565010 0.770880 0.576281 0.783769 0.578495 0.804167 0.583932 0.815259 0.581719 0.820981 0.576083 0.833870 0.571250 0.843167
11 0.367656 0.581898 0.389318 0.607981 0.403990 0.593907 0.406786 0.577343 0.412844 0.580241 0.412146 0.565750 0.408885 0.542981 0.392349 0.522685 0.386755 0.524759 0.373016 0.544630 0.373714 0.557056
13 0.521589 0.597963 0.524151 0.587194 0.527875 0.584296 0.527411 0.573537 0.541385 0.555315 0.553495 0.567324 0.556990 0.578917 0.558156 0.588852 0.561182 0.594648 0.562349 0.611213 0.558854 0.615769 0.554896 0.628602 0.544646 0.635648 0.537661 0.633574 0.538125 0.612870 0.532536 0.609972
14 0.488490 0.640204 0.475917 0.621148 0.467062 0.605000 0.469859 0.597139 0.465901 0.578500 0.489891 0.546620 0.512016 0.576435 0.511552 0.588852 0.510620 0.593407 0.495943 0.614528
