0 0.320125 0.533231 0.341417 0.560537 0.365396 0.526519 0.354891 0.517417 0.353542 0.503046 0.344380 0.491065 0.329286 0.515019
0 0.493198 0.573593 0.518146 0.610176 0.494760 0.642324 0.470750 0.609065
0 0.624375 0.521370 0.633417 0.513611 0.635286 0.500861 0.643083 0.493657 0.653375 0.500315 0.663974 0.524704 0.663349 0.535231 0.645578 0.559620 0.624063 0.535787
0 0.713391 0.247954 0.733187 0.274870 0.755083 0.247546 0.749724 0.235120 0.745995 0.213593 0.725036 0.212759 0.720375 0.230565
0 0.277656 0.182796 0.288323 0.202481 0.292750 0.199981 0.309057 0.179222 0.306844 0.167056 0.303016 0.163472 0.300802 0.149880 0.295771 0.142722 0.279870 0.139500 0.275641 0.152028 0.275844 0.163833 0.277854 0.169917 0.278646 0.173889
1 0.271750 0.288778 0.288625 0.311361 0.291583 0.308889 0.307589 0.285685 0.303937 0.268981 0.306896 0.251972 0.288453 0.227537 0.271578 0.251667 0.273141 0.268370
1 0.260703 0.230815 0.281057 0.205454 0.278099 0.186898 0.278797 0.170509 0.262271 0.145759 0.243828 0.169574 0.246594 0.183185 0.245568 0.203907
1 0.449411 0.487537 0.467109 0.512796 0.463849 0.530593 0.467807 0.548398 0.450109 0.571176 0.429380 0.547574 0.432875 0.531009 0.432172 0.511546
1 0.519573 0.550009 0.538417 0.574269 0.557005 0.547926 0.553365 0.530833 0.555703 0.510500 0.537380 0.488778 0.520615 0.512111 0.523344 0.531981
1 0.707760 0.324130 0.725505 0.299083 0.721677 0.280519 0.724115 0.262889 0.706891 0.239074 0.687927 0.265676 0.692276 0.278972 0.689667 0.302481
1 0.707609 0.204343 0.726641 0.180352 0.721786 0.164130 0.723922 0.144454 0.706932 0.122194 0.689359 0.144972 0.692469 0.161370 0.689068 0.180185
2 0.548036 0.137093 0.566344 0.159657 0.572182 0.160259 0.579260 0.150269 0.582630 0.140685 0.580943 0.128509 0.576901 0.126111 0.575328 0.107139 0.574443 0.100194 0.565984 0.093380 0.558130 0.101991 0.554505 0.111630 0.549474 0.125231
2 0.429672 0.312463 0.448266 0.340250 0.457964 0.342167 0.470094 0.325880 0.466052 0.305278 0.460661 0.302407 0.457698 0.282287 0.444224 0.277019 0.440990 0.287074
2 0.402932 0.133981 0.421719 0.159343 0.430594 0.158407 0.431813 0.151611 0.438599 0.141713 0.439813 0.131815 0.434943 0.126241 0.431115 0.100259 0.422245 0.095620 0.416677 0.100574 0.410583 0.114491
3 0.324219 0.269157 0.344432 0.238972 0.337964 0.228435 0.343083 0.212630 0.337427 0.189630 0.333385 0.196333 0.328266 0.181009 0.321526 0.196333 0.310208 0.191065 0.309130 0.206398 0.313172 0.217417 0.313714 0.226037 0.309938 0.245204
3 0.477849 0.494611 0.492755 0.516148 0.512786 0.486333 0.505333 0.475565 0.510453 0.462315 0.507193 0.441611 0.502557 0.446167 0.496969 0.429194 0.489495 0.445343 0.480641 0.440370 0.478802 0.456519 0.483203 0.467704 0.483203 0.475981
3 0.646698 0.245602 0.661797 0.266000 0.682526 0.238444 0.673672 0.228074 0.680115 0.213398 0.676693 0.191213 0.671859 0.196574 0.665016 0.180833 0.659781 0.194074 0.649313 0.190852 0.647703 0.210889 0.651932 0.217333 0.651125 0.230574
4 0.231495 0.266509 0.242365 0.269722 0.252432 0.256481 0.254042 0.241454 0.249615 0.228213 0.247198 0.223917 0.246995 0.212111 0.245182 0.197796 0.233708 0.192426 0.225656 0.198148 0.224250 0.210676 0.224250 0.223565 0.220625 0.235370 0.218812 0.247898 0.224047 0.259704
4 0.412880 0.518898 0.424542 0.500343 0.420536 0.480231 0.415667 0.473741 0.417057 0.459824 0.414448 0.444361 0.405229 0.440648 0.393917 0.447454 0.393917 0.471880 0.389219 0.486111 0.388875 0.497250 0.394094 0.511787
4 0.574146 0.515907 0.588443 0.517981 0.598969 0.501583 0.600526 0.490028 0.595979 0.477324 0.593641 0.473157 0.595068 0.460685 0.592208 0.447750 0.582724 0.441741 0.572974 0.447287 0.571937 0.456759 0.572198 0.471778 0.568688 0.481250 0.568948 0.489333 0.572323 0.499269 0.570505 0.502963
5 0.551844 0.195435 0.562714 0.176824 0.561708 0.166083 0.557479 0.162148 0.556271 0.154278 0.551240 0.146407 0.549229 0.138889 0.532922 0.138889 0.533927 0.157500 0.537349 0.156426 0.532318 0.172176 0.532719 0.178972 0.539161 0.178611
5 0.424938 0.175889 0.430854 0.186407 0.440073 0.195685 0.445641 0.190731 0.453646 0.176815 0.454167 0.167222 0.449995 0.157639 0.454344 0.156398 0.453818 0.137537 0.446339 0.139083 0.438859 0.140009 0.435203 0.147741 0.431896 0.153926 0.430156 0.162898
6 0.319646 0.337472 0.321656 0.365028 0.326693 0.371824 0.340380 0.370037 0.347224 0.360370 0.346417 0.336037 0.341990 0.305259 0.335349 0.298463 0.326089 0.305981
6 0.647724 0.368250 0.654969 0.371111 0.664630 0.365380 0.667250 0.349278 0.666245 0.334611 0.661813 0.303472 0.653156 0.298463 0.645708 0.305981 0.643094 0.322083 0.641885 0.334963 0.640276 0.347491 0.643094 0.362519
7 0.378344 0.096343 0.384385 0.086324 0.386193 0.074509 0.393240 0.065917 0.405318 0.074870 0.410151 0.076296 0.409745 0.091333 0.415385 0.098843 0.411359 0.110657 0.396661 0.129981 0.384182 0.117454 0.377740 0.102778
7 0.578297 0.113204 0.588672 0.127907 0.595135 0.128444 0.611526 0.104917 0.608818 0.091815 0.601000 0.082194 0.600698 0.071500 0.593182 0.066963 0.590021 0.069630 0.575589 0.075778 0.579646 0.089148 0.573781 0.098769 0.574688 0.107056
7 0.560099 0.351463 0.581839 0.380093 0.603979 0.355037 0.596531 0.340009 0.591703 0.317824 0.584656 0.319611 0.571974 0.317824 0.566542 0.327130 0.569359 0.335713
7 0.408578 0.378769 0.424484 0.358009 0.423880 0.342620 0.416630 0.336185 0.420052 0.322222 0.413812 0.306120 0.404755 0.315065 0.398109 0.310417 0.394083 0.324731 0.391266 0.339759 0.383214 0.346917 0.390260 0.364093
8 0.423740 0.262972 0.413500 0.259148 0.408922 0.241898 0.410807 0.232796 0.411078 0.207880 0.416734 0.198296 0.426167 0.185361 0.431286 0.196861 0.432365 0.222259 0.434521 0.247167
8 0.566641 0.262787 0.574490 0.260278 0.577307 0.250259 0.574490 0.234509 0.575297 0.211250 0.571672 0.200519 0.570870 0.190491 0.556979 0.193000 0.553755 0.208389 0.552547 0.246324
9 0.469906 0.128000 0.490635 0.156991 0.497620 0.154917 0.515089 0.128417 0.513458 0.108130 0.509500 0.101093 0.510432 0.081213 0.501349 0.081213 0.497391 0.073759 0.490870 0.074593 0.489240 0.080389 0.482714 0.082870 0.481786 0.094463 0.470370 0.094880
10 0.463687 0.268167 0.494432 0.304602 0.523078 0.265676 0.519818 0.256157 0.516792 0.227176 0.494198 0.193630 0.477427 0.218065 0.467646 0.243324
11 0.343948 0.185852 0.367938 0.223111 0.382380 0.201167 0.382844 0.192472 0.387036 0.188750 0.390062 0.192472 0.390531 0.176324 0.387036 0.154796 0.369568 0.132852 0.352568 0.152306
11 0.424812 0.436769 0.446943 0.470306 0.455792 0.466583 0.470698 0.446704 0.471630 0.425593 0.467203 0.403648 0.450432 0.381287 0.431568 0.401157
11 0.587438 0.289852 0.610141 0.321389 0.615854 0.320861 0.630292 0.303213 0.630443 0.283435 0.627135 0.261250 0.611047 0.240667 0.605031 0.242806 0.591495 0.263120
11 0.537839 0.000000 0.548135 0.012667 0.551964 0.050713 0.533521 0.074843 0.523427 0.073296 0.519599 0.068037 0.519427 0.048546 0.511599 0.050407 0.508641 0.039269 0.511078 0.011741 0.523188 0.000000
12 0.351146 0.296194 0.375135 0.321870 0.380490 0.320630 0.404948 0.287917 0.397260 0.270111 0.392604 0.249824 0.380026 0.237815 0.364885 0.244852 0.358130 0.271769
12 0.511036 0.435157 0.537589 0.469935 0.544807 0.469935 0.555755 0.444676 0.555990 0.429769 0.562047 0.423972 0.556224 0.413620 0.553891 0.395815 0.542948 0.381741 0.527573 0.383815 0.518724 0.410722
12 0.591604 0.187620 0.616667 0.218759 0.622057 0.219713 0.643615 0.188093 0.644693 0.174685 0.637687 0.166537 0.633911 0.145454 0.621786 0.130602 0.605349 0.137315 0.599417 0.162222
12 0.445719 0.000000 0.439380 0.021296 0.432536 0.036685 0.433740 0.047778 0.454276 0.076046 0.460714 0.076046 0.475615 0.057083 0.473599 0.045630 0.481854 0.044556 0.481047 0.036324 0.477828 0.019509 0.472188 0.001611 0.463328 0.000000
13 0.506109 0.186454 0.519193 0.167481 0.524630 0.170343 0.537109 0.187528 0.537313 0.198259 0.541135 0.204343 0.540932 0.221880 0.535698 0.231185 0.522010 0.248722 0.515370 0.244065 0.514161 0.228324 0.500068 0.209713
14 0.466458 0.251639 0.453651 0.236741 0.444099 0.216861 0.446198 0.208583 0.443401 0.186222 0.467625 0.155167 0.490917 0.186222 0.490682 0.201537 0.476474 0.221833
