12 0.425417 0.505519 0.459401 0.547093 0.505234 0.495546 0.503677 0.478361 0.494010 0.467269 0.488708 0.440111 0.471875 0.416833 0.455349 0.418491 0.442563 0.433463 0.434146 0.461176 0.428531 0.488333
12 0.667620 0.722593 0.710026 0.774694 0.722812 0.771370 0.742766 0.723694 0.747443 0.697648 0.743391 0.685454 0.733411 0.650528 0.715641 0.637222 0.693188 0.648315 0.680719 0.685454
12 0.793286 0.334083 0.832969 0.389241 0.844875 0.386676 0.874818 0.342426 0.877703 0.318056 0.866161 0.301380 0.861469 0.274444 0.849203 0.251352 0.827557 0.251991 0.810604 0.278287 0.805911 0.303306
11 0.535630 0.727176 0.575313 0.775278 0.611391 0.731667 0.609583 0.698315 0.604172 0.689972 0.603812 0.663685 0.576755 0.639306 0.571344 0.639306 0.546089 0.673306
11 0.830771 0.547935 0.855833 0.513917 0.855292 0.485176 0.850172 0.450685 0.825109 0.419537 0.818104 0.420981 0.792505 0.454037 0.794661 0.475111 0.789271 0.497630
11 0.412818 0.337519 0.449151 0.387204 0.469182 0.364852 0.473609 0.344556 0.483859 0.333380 0.479432 0.308537 0.478734 0.284102 0.452182 0.253463 0.445891 0.254704 0.422604 0.287833
10 0.597062 0.464389 0.645391 0.522593 0.688417 0.462731 0.680312 0.428917 0.675635 0.389000 0.673453 0.367944 0.658484 0.352417 0.634479 0.352972 0.628552 0.375148 0.610781 0.397315 0.602359 0.433907
13 0.684443 0.304259 0.707891 0.332481 0.719797 0.372889 0.716552 0.400463 0.700677 0.422278 0.679755 0.431898 0.677229 0.416500 0.672177 0.390204 0.675422 0.383796 0.662078 0.357500 0.662078 0.336333
8 0.758135 0.453861 0.772167 0.448870 0.774354 0.417278 0.769984 0.405630 0.768427 0.370157 0.763750 0.343000 0.750656 0.342444 0.741615 0.356296 0.735375 0.380139 0.736000 0.414500 0.736625 0.430574
8 0.734161 0.639722 0.744760 0.629741 0.743203 0.595926 0.742891 0.557685 0.739464 0.529407 0.726990 0.524981 0.716698 0.538278 0.707656 0.554907 0.707031 0.612556
8 0.530359 0.456519 0.511240 0.425093 0.518094 0.366093 0.526755 0.346852 0.540464 0.339157 0.546958 0.346852 0.545516 0.364167 0.550562 0.385333 0.544432 0.402009 0.552729 0.428306
7 0.471250 0.593880 0.505234 0.636009 0.539531 0.595537 0.533922 0.577806 0.524880 0.568380 0.528307 0.553972 0.523010 0.526250 0.509911 0.535676 0.495260 0.526806 0.489958 0.539556 0.486214 0.565056
7 0.749682 0.596657 0.784177 0.637380 0.814359 0.592343 0.801964 0.570787 0.796302 0.537250 0.782557 0.543481 0.764776 0.537731 0.755880 0.554019 0.758578 0.567917
7 0.764906 0.200204 0.774880 0.229028 0.797953 0.247324 0.828510 0.207963 0.821964 0.188009 0.802943 0.151981 0.792656 0.148102 0.782677 0.171380
6 0.371740 0.578722 0.375500 0.606926 0.390526 0.625472 0.414734 0.614343 0.419328 0.583176 0.410562 0.520843 0.397620 0.503037 0.381344 0.519361
6 0.900792 0.623657 0.912339 0.610833 0.913422 0.571065 0.905844 0.522324 0.890693 0.505648 0.878068 0.519759 0.871208 0.560167 0.872656 0.611472
4 0.236901 0.462454 0.255917 0.465778 0.273380 0.436954 0.267146 0.405907 0.262156 0.395935 0.261844 0.375426 0.258411 0.352694 0.237521 0.345491 0.226922 0.354917 0.224740 0.384843 0.217255 0.423093 0.220375 0.440833
4 0.529682 0.835287 0.536229 0.821981 0.524693 0.781509 0.523443 0.762111 0.521573 0.741602 0.506609 0.731074 0.489771 0.739389 0.485406 0.772648 0.477922 0.818648 0.481354 0.825306 0.524068 0.823639
4 0.758615 0.796759 0.764026 0.774954 0.763667 0.750583 0.770161 0.737759 0.786036 0.731343 0.797937 0.741602 0.799745 0.782009 0.808401 0.798685 0.809844 0.819213 0.797937 0.842296 0.770880 0.841657 0.764026 0.830750 0.766552 0.814722
5 0.535411 0.319222 0.559203 0.351880 0.569635 0.342231 0.582578 0.318481 0.581328 0.304380 0.573396 0.278407 0.581745 0.275444 0.581745 0.262824 0.575484 0.248731 0.563792 0.262083 0.559620 0.261343 0.548766 0.276926
5 0.731906 0.346426 0.750771 0.321574 0.746578 0.300870 0.734932 0.273963 0.730276 0.264028 0.712573 0.251602 0.706984 0.259472 0.707453 0.274787 0.713505 0.278102 0.709313 0.296324 0.702557 0.316611
2 0.734307 0.270694 0.746411 0.277370 0.752677 0.296667 0.763109 0.296667 0.776052 0.275889 0.782312 0.253620 0.773130 0.241009 0.766031 0.208361 0.754760 0.195000 0.738062 0.208361 0.734724 0.226907 0.726375 0.246204
2 0.504938 0.261639 0.521917 0.274574 0.536198 0.300444 0.549672 0.290380 0.554792 0.273130 0.560990 0.253491 0.550750 0.237685 0.550208 0.212287 0.544010 0.196963 0.528922 0.193130 0.518411 0.215639 0.511135 0.236722
2 0.546521 0.542333 0.562687 0.551907 0.576161 0.576824 0.592870 0.570120 0.605266 0.545204 0.600417 0.522213 0.593677 0.517417 0.587479 0.486278 0.575625 0.478130 0.564844 0.483407 0.555141 0.500648 0.551099 0.513102
2 0.688401 0.517463 0.696484 0.496389 0.710771 0.479620 0.724245 0.472907 0.733677 0.492074 0.734484 0.513630 0.739875 0.533750 0.729635 0.528009 0.718313 0.538065 0.714813 0.556750 0.708344 0.557231 0.700531 0.543815
1 0.285766 0.404185 0.315708 0.363778 0.309214 0.341972 0.310656 0.304778 0.284318 0.270787 0.256901 0.309269 0.259786 0.329148 0.258344 0.363139
1 0.975589 0.549972 0.946589 0.513944 0.950021 0.482352 0.947526 0.455185 0.975589 0.417500 1.000000 0.452102 1.000000 0.470954 0.998349 0.475148 1.000000 0.496657 1.000000 0.513463
1 0.976495 0.365167 0.945312 0.330250 0.949990 0.300315 0.947495 0.270380 0.974932 0.232685 1.000000 0.263259 1.000000 0.334630
0 0.307109 0.336898 0.322740 0.361815 0.330016 0.361333 0.359391 0.320611 0.357234 0.309593 0.348339 0.298093 0.344568 0.283722 0.339177 0.272222 0.315193 0.261685 0.304953 0.273657 0.303339 0.294259 0.308458 0.305278 0.312500 0.308157
0 0.886151 0.818519 0.912828 0.865954 0.880760 0.919130 0.845187 0.870259 0.849771 0.856370 0.859203 0.848704 0.866479 0.820917 0.873214 0.813250
14 0.570115 0.392065 0.603307 0.436315 0.612328 0.397194 0.632167 0.373463 0.631089 0.341398 0.629646 0.331778 0.601865 0.288167 0.567594 0.335630 0.566510 0.356148 0.571563 0.368333 0.567229 0.383731
1 0.548464 0.842667 0.574630 0.804380 0.604021 0.840880 0.598385 0.858056 0.591943 0.853407 0.549672 0.854120
1 0.686505 0.839602 0.711891 0.806454 0.739969 0.840796 0.735589 0.863556 0.731547 0.865157 0.729187 0.854574 0.686729 0.852380
