8 0.535141 0.993880 0.539615 0.922352 0.548552 0.912426 0.559729 0.888583 0.578729 0.872685 0.594932 0.892556 0.604995 0.957130 0.595031 1.000000 0.575667 1.000000
0 0.554776 0.503398 0.627193 0.591898 0.693786 0.496500 0.685380 0.449370 0.657578 0.374657 0.601974 0.398796
1 0.206453 0.099796 0.256745 0.167352 0.252276 0.223981 0.262896 0.276630 0.199750 0.363056 0.143313 0.280602 0.155604 0.224972 0.148339 0.163380
2 0.322833 0.000000 0.289214 0.078444 0.290333 0.124139 0.321625 0.133083 0.343417 0.178778 0.360740 0.185731 0.398182 0.148972 0.398182 0.116194 0.398740 0.089370 0.383651 0.072481 0.364651 0.085398 0.351240 0.088370 0.344536 0.050620 0.345651 0.002944 0.375271 0.024796 0.375807 0.000000
3 0.317781 0.895074 0.341443 0.929417 0.406646 0.850426 0.378151 0.807491 0.399880 0.764565 0.390224 0.707037 0.375734 0.713907 0.353516 0.661537 0.331302 0.709611 0.305224 0.701028 0.299427 0.732796 0.307156 0.767139 0.312469 0.803204 0.318260 0.822954 0.327922 0.838407 0.326953 0.855574 0.312948 0.884769
4 0.168656 0.741676 0.220380 0.752019 0.262406 0.691102 0.255292 0.642824 0.243010 0.614083 0.240422 0.573852 0.236542 0.534778 0.225552 0.519833 0.202276 0.515231 0.171891 0.524435 0.162839 0.571556 0.171245 0.606037 0.166719 0.633630 0.167365 0.671556 0.159604 0.703741
6 0.441531 0.644500 0.446766 0.718981 0.483422 0.738926 0.520078 0.717648 0.532047 0.659130 0.519328 0.609926 0.513344 0.532787 0.495391 0.500870 0.473698 0.508852 0.454245 0.543426
7 0.090813 0.527194 0.112146 0.500750 0.121198 0.470870 0.098568 0.440981 0.094693 0.381213 0.074000 0.376611 0.062365 0.388111 0.063656 0.426037 0.058484 0.431787 0.059130 0.501898 0.047495 0.509944 0.024219 0.507648 0.024865 0.519148 0.044260 0.540981 0.057839 0.529491 0.068828 0.536389 0.077880 0.521444
11 0.265443 0.502935 0.332042 0.589148 0.356542 0.586843 0.416094 0.519028 0.415443 0.460407 0.405682 0.432824 0.401802 0.381102 0.370833 0.375352 0.367536 0.353509 0.347557 0.324778 0.332042 0.324778 0.319755 0.365009 0.309411 0.373056 0.285422 0.392593 0.284844 0.432824
12 0.264266 0.995611 0.255573 0.946676 0.239635 0.908037 0.209693 0.880565 0.201479 0.888287 0.210656 0.895157 0.210177 0.916620 0.207276 0.924352 0.205828 0.972435 0.201479 0.977583 0.165745 0.974148 0.161396 0.962130 0.162844 0.925213 0.153667 0.941519 0.151734 0.969852 0.147391 0.999046 0.255573 0.999907
5 0.382031 0.996463 0.403266 0.940833 0.413323 0.927917 0.413323 0.874278 0.426734 0.860370 0.446854 0.866324 0.445177 0.924935 0.459146 0.950769 0.465292 0.999444
