0 0.396135 0.547926 0.420458 0.581741 0.440099 0.552361 0.439167 0.542380 0.431995 0.533509 0.429500 0.517435 0.419521 0.507463 0.404557 0.528528
0 0.567781 0.597481 0.577135 0.592491 0.586802 0.606907 0.588984 0.619657 0.597406 0.630741 0.576823 0.664556 0.551568 0.634620
0 0.731667 0.579130 0.752557 0.553639 0.752245 0.541991 0.743828 0.531463 0.736344 0.512065 0.725432 0.509843 0.717948 0.519824 0.718880 0.533130 0.708281 0.543102 0.710151 0.557519
0 0.800995 0.257296 0.822224 0.284824 0.843620 0.257296 0.842229 0.248630 0.839271 0.243380 0.835094 0.223269 0.814568 0.219870 0.808130 0.236880 0.803953 0.245537
1 0.620812 0.591963 0.598990 0.566093 0.603568 0.549324 0.601411 0.528241 0.620547 0.503815 0.639141 0.527769 0.635906 0.547889 0.639141 0.571361
1 0.528948 0.592370 0.547583 0.567528 0.544323 0.549722 0.546182 0.529028 0.528714 0.507074 0.509615 0.531093 0.512177 0.548481 0.508917 0.566287
1 0.795234 0.335389 0.813818 0.311824 0.810568 0.291037 0.812255 0.271861 0.793672 0.249213 0.775870 0.273472 0.779505 0.290343 0.775349 0.310444
2 0.614568 0.337074 0.604104 0.334574 0.601885 0.323120 0.608130 0.300935 0.613766 0.288769 0.623026 0.282324 0.631880 0.293417 0.638120 0.322407 0.636109 0.329204 0.633490 0.319898 0.624635 0.324194 0.623630 0.334213
2 0.510224 0.333463 0.520260 0.338019 0.530484 0.353333 0.536542 0.352093 0.548443 0.334704 0.545625 0.319796 0.541432 0.313583 0.538870 0.290815 0.532813 0.283361 0.523964 0.285019 0.520495 0.297852 0.511854 0.310278
4 0.481875 0.539704 0.490531 0.538426 0.503161 0.517259 0.499552 0.494815 0.495224 0.489676 0.494859 0.472361 0.493057 0.460176 0.481875 0.453769 0.469969 0.462741 0.469609 0.480704 0.466724 0.501222 0.463839 0.517898
4 0.655375 0.530278 0.670161 0.536157 0.680948 0.522546 0.684953 0.509250 0.680255 0.495944 0.676599 0.491000 0.678339 0.480481 0.676427 0.465639 0.672250 0.460380 0.664594 0.456972 0.655547 0.464093 0.653807 0.485120 0.655203 0.488528 0.650156 0.504611 0.653807 0.508009 0.653464 0.522546
6 0.395271 0.356222 0.397490 0.380204 0.409766 0.385213 0.421646 0.378056 0.423453 0.356222 0.421646 0.345130 0.419630 0.320435 0.411781 0.308269 0.400307 0.319361
6 0.725891 0.351824 0.727297 0.373648 0.733943 0.382954 0.746620 0.381167 0.752865 0.374009 0.753266 0.352176 0.748432 0.318185 0.739578 0.309231 0.733135 0.312454 0.727500 0.325343
7 0.459193 0.365639 0.481031 0.392667 0.493505 0.379269 0.492724 0.364019 0.496104 0.353389 0.492984 0.346694 0.495453 0.337676 0.491036 0.327750 0.483885 0.328898 0.469724 0.326130 0.469594 0.333981 0.472714 0.340917 0.466344 0.350852
7 0.655813 0.382000 0.666250 0.389731 0.686432 0.367778 0.682953 0.353241 0.679474 0.351380 0.682255 0.335917 0.675646 0.335296 0.663464 0.326944 0.655984 0.332824 0.656156 0.342417 0.653198 0.352000 0.653547 0.359111 0.655635 0.363444
8 0.616786 0.368389 0.617089 0.378278 0.629271 0.393519 0.639646 0.386833 0.638292 0.364380 0.640245 0.346472 0.637089 0.330426 0.633781 0.319731 0.624307 0.324815 0.623854 0.334435 0.618443 0.336843
8 0.649214 0.272019 0.659880 0.268083 0.660891 0.250898 0.657667 0.240167 0.657062 0.217620 0.653443 0.197935 0.644984 0.199009 0.639552 0.207954 0.636328 0.219769 0.634922 0.256630
11 0.502146 0.455852 0.521479 0.481907 0.532703 0.483019 0.551104 0.460287 0.551104 0.437565 0.547359 0.429806 0.547984 0.414278 0.527719 0.394324 0.510568 0.415389
11 0.673849 0.270787 0.692984 0.245870 0.711849 0.269824 0.717234 0.310074 0.716156 0.318213 0.698911 0.336417 0.692443 0.333065 0.671156 0.301926
