11 0.504911 0.310741 0.476615 0.271935 0.482005 0.256602 0.480927 0.234093 0.505177 0.203426 0.530781 0.231213 0.537250 0.271935 0.536438 0.279120 0.529974 0.270019 0.524042 0.270019 0.526740 0.288704 0.516229 0.302120
0 0.320505 0.705685 0.332411 0.689657 0.338542 0.667204 0.352974 0.653741 0.372094 0.685167 0.381115 0.707611 0.350807 0.750583 0.331328 0.725574
0 0.557380 0.635778 0.581917 0.599222 0.581552 0.586398 0.571813 0.576778 0.557380 0.547917 0.545479 0.549194 0.536818 0.569083 0.526354 0.591528 0.528161 0.608204
0 0.149177 0.639574 0.174219 0.603213 0.172969 0.586148 0.164203 0.576500 0.157526 0.554981 0.146255 0.543111 0.129141 0.567593 0.114531 0.590602 0.119120 0.609148
1 0.290063 0.654519 0.313135 0.621815 0.310953 0.598537 0.312510 0.569157 0.287568 0.537009 0.264807 0.573593 0.270104 0.593546 0.264495 0.621259
1 0.410198 0.655519 0.384943 0.623926 0.387437 0.595102 0.385255 0.570157 0.410198 0.538556 0.434521 0.571815 0.429844 0.596204 0.436703 0.623370
2 0.402943 0.320130 0.388969 0.313917 0.387807 0.299009 0.393396 0.274167 0.401313 0.255120 0.415057 0.250148 0.423906 0.260093 0.426469 0.290731 0.421109 0.297352 0.413193 0.313500
4 0.223151 0.574593 0.238427 0.584009 0.253083 0.557963 0.252458 0.536898 0.246224 0.521926 0.245911 0.501417 0.243417 0.483685 0.231568 0.476472 0.215042 0.484231 0.212547 0.507519 0.214417 0.520824 0.206625 0.539111 0.209427 0.560176
4 0.455005 0.575750 0.477453 0.580741 0.493667 0.558019 0.491484 0.534731 0.484938 0.520324 0.485250 0.500361 0.482755 0.484287 0.469036 0.476528 0.455318 0.484287 0.452198 0.507019 0.455630 0.520880 0.449078 0.535843 0.454693 0.547481 0.452823 0.562444
7 0.471115 0.393287 0.497797 0.353046 0.485667 0.335796 0.480281 0.314722 0.458182 0.312324 0.453599 0.325741 0.450635 0.330046 0.453333 0.338676 0.452255 0.349213 0.456026 0.371250
8 0.447969 0.237444 0.463057 0.226426 0.458750 0.198157 0.457937 0.167019 0.452818 0.138269 0.434766 0.143065 0.435573 0.154083 0.429104 0.163667 0.428568 0.212528
8 0.427349 0.395602 0.413005 0.383407 0.400844 0.366778 0.405833 0.320769 0.417057 0.307463 0.422984 0.295269 0.430776 0.300259 0.436078 0.321880 0.432339 0.346824 0.435141 0.378417
11 0.258734 0.477843 0.289187 0.513296 0.317214 0.484556 0.318833 0.453417 0.314521 0.440481 0.314521 0.425630 0.292422 0.394963 0.286495 0.398315 0.264932 0.424185 0.263047 0.445750
12 0.390542 0.488046 0.401323 0.511046 0.414797 0.510565 0.433120 0.483741 0.440125 0.450685 0.435005 0.440620 0.429885 0.414750 0.421531 0.399898 0.402130 0.395111 0.388385 0.416667 0.382995 0.435833 0.375182 0.461704 0.375448 0.474157
