8 0.249901 0.500194 0.234750 0.505333 0.217432 0.494426 0.213104 0.461713 0.217797 0.452741 0.219240 0.413611 0.224651 0.405917 0.230422 0.392454 0.241969 0.388602 0.248458 0.402713 0.252792 0.445685 0.258203 0.464278 0.258203 0.479676
0 0.131839 0.643074 0.161297 0.600139 0.151641 0.576102 0.141500 0.570954 0.140531 0.552917 0.125562 0.546056 0.113969 0.556352 0.111073 0.572667 0.096583 0.588120 0.103344 0.610444
0 0.731167 0.934009 0.757672 0.894093 0.757672 0.884120 0.752682 0.871926 0.749875 0.859731 0.734286 0.848639 0.730542 0.840880 0.719318 0.844759 0.711214 0.865269 0.697495 0.884676 0.699365 0.900750
0 0.840120 0.607009 0.868688 0.565806 0.868688 0.553824 0.862490 0.544250 0.860604 0.528435 0.844703 0.521250 0.838505 0.514065 0.823682 0.518852 0.818563 0.538972 0.808323 0.552389 0.805896 0.574426
0 0.838234 0.424954 0.869766 0.387583 0.869766 0.371296 0.860062 0.358843 0.859255 0.342074 0.847938 0.337759 0.835542 0.330574 0.823953 0.339676 0.819370 0.355009 0.806437 0.374648 0.808323 0.390944
0 0.746125 0.028509 0.759328 0.045759 0.759870 0.055824 0.731844 0.095583 0.697885 0.051509 0.701120 0.040491 0.714594 0.026593 0.720792 0.005519 0.729688 0.002167 0.741542 0.006472
0 0.512901 0.169194 0.539599 0.135204 0.541042 0.116602 0.532740 0.106981 0.525885 0.092870 0.508573 0.075556 0.494500 0.086454 0.490896 0.103130 0.478990 0.118528 0.481151 0.132639
0 0.505104 0.766102 0.522219 0.771296 0.529734 0.792074 0.538083 0.800972 0.529318 0.817306 0.523052 0.845500 0.512203 0.864056 0.478391 0.818787 0.482984 0.803204 0.498427 0.789843
1 0.661052 0.873259 0.688557 0.832444 0.685219 0.808694 0.687307 0.764917 0.660635 0.733000 0.631375 0.770111 0.631375 0.798306 0.631375 0.833185
1 0.592177 0.960074 0.619729 0.928167 0.618849 0.898481 0.622234 0.855444 0.592594 0.822796 0.580448 0.840602 0.582578 0.845056 0.577568 0.853222 0.574188 0.848769 0.565047 0.860639 0.562083 0.885870 0.566297 0.896259 0.565422 0.925204
1 0.331740 0.723852 0.362193 0.685528 0.357880 0.656787 0.360307 0.649593 0.359495 0.622287 0.333089 0.583963 0.304250 0.624685 0.304792 0.686491 0.310182 0.692713 0.316380 0.690315 0.319073 0.702296
1 0.086911 0.511102 0.113604 0.470056 0.114687 0.402713 0.085469 0.366796 0.062380 0.398222 0.061297 0.423231 0.059130 0.430287 0.060573 0.470056
1 0.333786 0.287222 0.360198 0.250333 0.356964 0.229250 0.359927 0.209130 0.359656 0.187093 0.333786 0.150676 0.305224 0.186611 0.306031 0.222546 0.305224 0.254639
1 0.660917 0.141944 0.688354 0.104806 0.685240 0.079306 0.687109 0.066009 0.686484 0.037185 0.661229 0.005028 0.630359 0.042167 0.633479 0.074324 0.631922 0.108130
1 0.905120 0.369935 0.933495 0.405963 0.934432 0.449204 0.934120 0.470824 0.906057 0.505185 0.876437 0.471380 0.879552 0.445324 0.878932 0.404861
1 0.622672 -0.000000 0.622672 0.014667 0.594661 0.053296 0.579208 0.029259 0.574859 0.011231 0.567130 0.000065 0.568589 0.000000
2 0.454266 0.934917 0.478057 0.946056 0.492667 0.935667 0.496005 0.899306 0.490578 0.883722 0.488073 0.857000 0.475969 0.845130 0.463031 0.854778 0.449672 0.877037 0.455516 0.887426
2 0.866052 0.632407 0.880708 0.665111 0.907833 0.667324 0.914693 0.635176 0.918438 0.629630 0.913135 0.615222 0.913135 0.589722 0.902844 0.574750 0.884760 0.577528
2 0.887469 0.339009 0.909026 0.339491 0.916573 0.328463 0.919271 0.297324 0.913073 0.285833 0.910917 0.258046 0.899865 0.246065 0.886661 0.249417 0.878849 0.266185 0.868604 0.290139 0.871031 0.319361
2 0.487385 0.000000 0.489740 0.013065 0.497224 0.028037 0.496599 0.047435 0.483193 0.064620 0.465109 0.064065 0.451385 0.051870 0.445151 0.030250 0.449792 0.000000
3 0.688000 0.583963 0.701474 0.596417 0.713057 0.615583 0.744318 0.573898 0.731922 0.552824 0.741089 0.532704 0.737583 0.505389 0.728958 0.510667 0.720068 0.483352 0.709828 0.504435 0.695276 0.501083 0.691229 0.524074 0.699583 0.540370 0.699047 0.559046
3 0.715766 0.394602 0.743828 0.355250 0.734161 0.338065 0.741953 0.315333 0.735406 0.287620 0.728859 0.292611 0.719818 0.266556 0.710464 0.285398 0.696432 0.283741 0.692693 0.307574 0.697677 0.319213 0.698615 0.335843 0.692068 0.365778
3 0.486349 0.274787 0.508943 0.304185 0.539687 0.262778 0.526875 0.244565 0.535495 0.225926 0.532234 0.196528 0.525010 0.201500 0.512901 0.173759 0.505448 0.197778 0.491240 0.191972 0.488911 0.216407 0.493802 0.228000 0.494036 0.251185
3 0.485505 0.675176 0.508146 0.705843 0.540214 0.665120 0.525932 0.645954 0.535094 0.623917 0.531589 0.596130 0.524312 0.601880 0.515151 0.576009 0.504104 0.599963 0.492516 0.591343 0.488740 0.614815 0.493323 0.630630 0.494401 0.645954
4 0.387172 0.812389 0.405500 0.817176 0.422745 0.804241 0.429750 0.781731 0.419240 0.750583 0.419781 0.730944 0.417083 0.710824 0.405500 0.702676 0.386901 0.706991 0.380167 0.734296 0.383667 0.747231 0.378818 0.768315 0.377203 0.781250 0.387443 0.780769 0.386365 0.791787
4 0.705776 0.795657 0.724047 0.799676 0.740573 0.778954 0.741615 0.757611 0.732568 0.733491 0.733094 0.715241 0.731005 0.693593 0.724917 0.686167 0.713260 0.687093 0.703344 0.687713 0.698990 0.700389 0.697250 0.729778 0.692901 0.752667 0.689771 0.766889 0.695510 0.783287
4 0.703932 0.214954 0.725828 0.219926 0.742130 0.197565 0.740969 0.168583 0.733281 0.151602 0.732583 0.128417 0.730255 0.109787 0.724432 0.104398 0.708594 0.105648 0.701141 0.107713 0.698109 0.121796 0.696948 0.148296 0.692990 0.161954 0.691589 0.197565
4 0.390927 0.194287 0.409245 0.197509 0.425750 0.178537 0.426958 0.150630 0.418099 0.134167 0.419109 0.115556 0.416693 0.093370 0.411255 0.086574 0.399984 0.086574 0.386495 0.089787 0.383479 0.114130 0.384281 0.129519 0.378849 0.140611 0.378245 0.157074 0.377641 0.177111 0.386297 0.184269
4 0.156490 0.352611 0.150453 0.322185 0.145620 0.315389 0.144615 0.293204 0.143208 0.273880 0.130526 0.267435 0.116031 0.268870 0.109792 0.296426 0.109792 0.309667 0.103146 0.344731 0.106370 0.371213 0.122875 0.382315 0.126500 0.364778 0.147635 0.367639
5 0.475708 0.524593 0.500964 0.559509 0.521542 0.528472 0.510943 0.502972 0.506266 0.486898 0.503458 0.457519 0.494104 0.449204 0.490365 0.458630 0.490365 0.479685 0.483505 0.492991
5 0.587505 0.362343 0.602115 0.414287 0.594599 0.429870 0.582078 0.449157 0.577484 0.444704 0.578318 0.415769 0.575818 0.407602 0.563708 0.382370 0.576651 0.358630
6 0.596594 0.775556 0.577755 0.768685 0.569547 0.736056 0.572927 0.716315 0.578240 0.674241 0.593698 0.660500 0.608667 0.677676 0.615427 0.731769 0.612047 0.759241
6 0.614885 0.172593 0.612380 0.214148 0.598604 0.227500 0.571474 0.216370 0.569807 0.184463 0.573562 0.172593 0.578573 0.124352 0.596104 0.115454 0.607792 0.131778
7 0.379740 0.319657 0.385151 0.304259 0.396339 0.299778 0.403911 0.290157 0.411849 0.267065 0.421589 0.282454 0.431693 0.283102 0.434219 0.302343 0.446484 0.308750 0.450453 0.327991 0.432776 0.348519 0.423396 0.339537 0.412932 0.363907
7 0.629911 0.258972 0.662469 0.297556 0.692943 0.252287 0.679167 0.232991 0.674156 0.212213 0.664141 0.203315 0.648281 0.218157
7 0.660297 0.729963 0.691474 0.695037 0.685552 0.673972 0.680250 0.670093 0.681188 0.645148 0.666531 0.650694 0.656552 0.649583 0.643458 0.665111 0.631922 0.683954 0.633792 0.697259 0.646573 0.713889
7 0.418307 0.658167 0.444281 0.620963 0.442120 0.605574 0.433823 0.596593 0.436344 0.574787 0.427328 0.570296 0.408927 0.577352 0.394859 0.591463 0.384755 0.615194 0.391250 0.633796 0.399188 0.642769
8 0.586042 0.487157 0.567260 0.507194 0.551396 0.491611 0.540542 0.469343 0.550146 0.444861 0.550562 0.404787 0.563500 0.390685 0.570599 0.392907 0.577276 0.412204 0.577693 0.449306 0.585625 0.464889
8 0.467047 0.340824 0.451536 0.319657 0.452255 0.292074 0.460193 0.286944 0.457307 0.261935 0.458026 0.242056 0.466323 0.227944 0.477510 0.227944 0.478953 0.251028 0.481479 0.268352 0.478594 0.281815 0.486526 0.300417 0.488333 0.312602 0.476427 0.331204
9 0.402672 0.520398 0.438568 0.489231 0.429802 0.448417 0.414359 0.371241 0.408932 0.369019 0.403505 0.392019 0.385557 0.409093 0.381802 0.423926 0.363016 0.428380 0.368026 0.457324 0.370531 0.477361 0.390151 0.511491
11 0.258526 0.749620 0.292797 0.791954 0.318771 0.760528 0.321661 0.741287 0.316969 0.688056 0.306146 0.689972 0.294604 0.658546 0.286302 0.656630 0.281974 0.682278 0.263937 0.689333 0.261771 0.735509
11 0.330927 0.840898 0.350724 0.867806 0.363771 0.868222 0.381005 0.858287 0.391484 0.833444 0.385661 0.800315 0.387057 0.781685 0.371922 0.781685 0.366797 0.762639 0.363302 0.750213 0.355849 0.751870 0.347464 0.777546 0.335354 0.780028 0.331161 0.793694 0.330927 0.823917
11 0.255094 0.206343 0.282807 0.246093 0.296318 0.247750 0.308198 0.227880 0.304005 0.186472 0.320307 0.174046 0.318911 0.141750 0.303536 0.144231 0.294687 0.111935 0.284906 0.111528 0.280245 0.138435 0.265573 0.144648 0.262313 0.180259
11 0.322094 0.111685 0.353620 0.158157 0.364401 0.159593 0.383802 0.128926 0.388656 0.082454 0.385693 0.047481 0.373026 0.042694 0.363594 0.022093 0.355776 0.019694 0.349042 0.044611 0.334219 0.051796 0.329906 0.086769
12 0.741865 0.672676 0.779849 0.717194 0.788615 0.712000 0.822427 0.668222 0.814911 0.642250 0.805312 0.607370 0.787781 0.588074 0.765240 0.597722 0.755219 0.628148
12 0.742448 0.271065 0.780432 0.319296 0.825932 0.266611 0.812156 0.236926 0.806729 0.209472 0.790453 0.188694 0.768328 0.193148 0.755807 0.222833 0.751214 0.245093
12 0.534135 0.000000 0.523568 0.024880 0.513281 0.064231 0.519234 0.084741 0.527932 0.089176 0.545708 0.121324 0.555995 0.120769 0.592479 0.074213 0.587490 0.052593 0.573771 0.011019 0.566141 0.000000
12 0.514495 0.871315 0.551599 0.919537 0.564385 0.913991 0.566880 0.891269 0.563135 0.875194 0.564698 0.861333 0.580286 0.842491 0.573740 0.812556 0.561891 0.794259 0.547234 0.790380 0.531333 0.809787 0.520734 0.848583
13 0.019380 0.350315 0.022073 0.323009 0.046870 0.298093 0.068156 0.323963 0.068698 0.351750 0.076240 0.366602 0.075974 0.378583 0.063578 0.400620 0.062229 0.392954 0.042016 0.391037 0.041479 0.403491 0.034740 0.403491 0.018302 0.389120 0.015339 0.370917
14 0.619224 0.540324 0.653464 0.502648 0.654859 0.438056 0.618526 0.388370 0.584286 0.440954 0.585453 0.464139 0.585219 0.489398
