0 0.166901 0.689574 0.209312 0.759583 0.259292 0.694954 0.253234 0.671620 0.244146 0.662648 0.231526 0.617769 0.207797 0.615972 0.185078 0.650074
1 0.991339 0.893213 0.954417 0.944944 0.957135 1.000000 0.988844 1.000000 1.000000 0.999917 1.000000 0.897926
1 0.468568 0.180398 0.513359 0.231481 0.552797 0.176389 0.549698 0.132824 0.551672 0.083241 0.511104 0.028148 0.492792 0.067213 0.472792 0.081241
1 0.106802 0.408500 0.150479 0.354028 0.192198 0.407917 0.190896 0.502370 0.149500 0.554519 0.109411 0.502954
3 0.735380 0.208880 0.769177 0.258139 0.819193 0.199269 0.799589 0.168028 0.812432 0.140389 0.804995 0.098333 0.795536 0.100741 0.779312 0.063491 0.763771 0.093528 0.744844 0.088722 0.737411 0.129574 0.748901 0.152407 0.750250 0.177639
3 0.735583 0.806657 0.774109 0.849907 0.820745 0.786231 0.798443 0.757389 0.814661 0.734565 0.805875 0.685296 0.794385 0.692509 0.779516 0.654056 0.766000 0.688898 0.743693 0.681694 0.736938 0.721343 0.747750 0.739370 0.749776 0.762194
1 0.512568 0.874324 0.553979 0.823241 0.549755 0.783176 0.551161 0.729093 0.509469 0.672500 0.470031 0.732093 0.472849 0.778667 0.471156 0.819231 0.481583 0.830250 0.490312 0.825250 0.491443 0.847778
4 0.637755 0.000000 0.654708 0.049509 0.653396 0.068898 0.629833 0.095278 0.609766 0.103806 0.599292 0.095278 0.591000 0.078991 0.580094 0.042528 0.586198 0.002185 0.603896 0.000000
4 0.642990 0.920324 0.655828 0.962380 0.647719 0.982806 0.636839 1.000000 0.597859 1.000000 0.587568 0.959972 0.580130 0.937148 0.584865 0.909509 0.588917 0.861444 0.595000 0.850630 0.614604 0.845824 0.634203 0.854231
4 0.171359 0.303907 0.176031 0.350639 0.209911 0.376602 0.227438 0.367259 0.250219 0.339222 0.247880 0.294565 0.236198 0.273796 0.237953 0.239528 0.232109 0.208370 0.211083 0.205259 0.193557 0.208370 0.179536 0.253028
5 0.854052 0.380556 0.869240 0.341093 0.879755 0.347324 0.911302 0.423130 0.902536 0.445972 0.889688 0.448056 0.883260 0.477130 0.870995 0.468824 0.875083 0.434556 0.869240 0.416898 0.865151 0.399241
6 0.922922 0.877444 0.928578 0.899565 0.921411 0.931750 0.902557 0.948509 0.879927 0.947167 0.864464 0.912972 0.863714 0.883472 0.870875 0.867380 0.868240 0.843917 0.879552 0.806370 0.892375 0.788944 0.905948 0.786259 0.915000 0.815093
6 0.883516 0.000000 0.869526 0.013722 0.861453 0.084630 0.874578 0.147454 0.903354 0.144759 0.904870 0.014620 0.920016 0.011028 0.919005 0.003843 0.889151 0.000000
7 0.999063 0.766880 0.984734 0.766880 0.951167 0.815157 0.954182 0.840630 0.999063 0.882870
7 0.628661 0.780824 0.650964 0.766398 0.677323 0.727954 0.674620 0.695509 0.661776 0.672676 0.650286 0.669074 0.636094 0.653454 0.621224 0.666676 0.599599 0.666676 0.594193 0.684694 0.588781 0.724343 0.597568 0.745972
7 0.590953 0.258944 0.606141 0.256870 0.618995 0.238176 0.626589 0.205981 0.639437 0.211176 0.667479 0.240250 0.683833 0.283870 0.670984 0.319176 0.657547 0.324370 0.641193 0.313981 0.631844 0.336833 0.627755 0.351370 0.606141 0.320213 0.583359 0.291139
8 0.702130 0.309444 0.736599 0.290222 0.741328 0.248167 0.729161 0.233750 0.730516 0.192898 0.725786 0.144833 0.705505 0.147241 0.696719 0.170065 0.689286 0.192898 0.698073 0.214528 0.690641 0.240963 0.681854 0.263787 0.686583 0.289019
8 0.856198 0.557361 0.880938 0.534028 0.886995 0.511583 0.877911 0.476583 0.874375 0.437093 0.867307 0.417343 0.864276 0.400287 0.854688 0.383241 0.843578 0.389519 0.832974 0.413759 0.826917 0.446065 0.825401 0.476583 0.819849 0.499917 0.822375 0.529537 0.837521 0.540306
8 0.402682 0.534250 0.380484 0.557093 0.354198 0.551898 0.334339 0.509324 0.347771 0.474019 0.346021 0.433519 0.351859 0.405472 0.368802 0.381593 0.381651 0.384704 0.391000 0.416898 0.392167 0.464667 0.402682 0.494787
9 0.617714 0.575352 0.642719 0.546519 0.662318 0.540509 0.657589 0.481630 0.648125 0.446787 0.642042 0.381898 0.621766 0.344657 0.621089 0.386704 0.598786 0.398722 0.581891 0.429963 0.558234 0.434769 0.567021 0.475620 0.564995 0.510472 0.577156 0.510472 0.589323 0.544111
11 0.510042 0.996241 0.516828 0.955343 0.536062 0.959370 0.545870 0.918472 0.557557 0.919139 0.567365 0.958028 0.589240 0.959370 0.595135 1.000000 0.578245 1.000000
11 0.408458 0.900861 0.408458 0.819148 0.448333 0.778296 0.490240 0.827565 0.497000 0.906861 0.480104 0.946519 0.450365 0.974148
11 0.388859 0.107704 0.448333 0.181000 0.471318 0.168981 0.471318 0.078870 0.492943 0.060843 0.492943 0.019991 0.474021 0.018787 0.466469 0.000000 0.438208 0.000000 0.428734 0.011583 0.413193 0.017593
13 0.056016 0.291065 0.088448 0.252176 0.111833 0.274972 0.122766 0.297769 0.124656 0.333306 0.134083 0.359454 0.131062 0.387611 0.121635 0.401685 0.094484 0.427167 0.077891 0.425824 0.063557 0.388954 0.053375 0.387611 0.043948 0.352750
14 0.938000 0.610537 0.990641 0.544417 0.985812 0.451694 0.935583 0.379565 0.882458 0.455130 0.885354 0.497194 0.884391 0.536694
7 1.000000 0.235454 0.994615 0.240241 0.954260 0.193981 0.957656 0.161806 0.984052 0.159787 0.989708 0.152417 0.988958 0.124259 1.000000 0.125481
0 0.809370 1.000000 0.776932 0.932287 0.755099 0.945019 0.731411 1.000000 0.809297 1.000000
