3 0.334036 0.806102 0.364583 0.849009 0.404557 0.793370 0.389849 0.769231 0.398901 0.747102 0.395130 0.706204 0.386833 0.710231 0.373255 0.675370 0.360057 0.708889 0.341578 0.700176 0.335922 0.726324 0.345349 0.749120 0.343089 0.779287
0 0.614620 0.517148 0.659047 0.573694 0.696911 0.517148 0.694896 0.504583 0.688333 0.489324 0.679750 0.456120 0.665609 0.456120 0.657536 0.450731 0.650969 0.456120 0.640370 0.461500 0.633302 0.479454
0 0.757948 0.951139 0.793760 1.000000 0.804865 1.000000 0.844781 0.952694 0.839979 0.933296 0.820344 0.915454 0.815109 0.885204 0.790240 0.881324 0.782385 0.908472
1 0.565896 0.632120 0.602854 0.583852 0.600589 0.552343 0.602474 0.498037 0.564385 0.450435 0.525542 0.500046 0.530443 0.587870
1 0.474667 0.511176 0.512755 0.463574 0.510870 0.375741 0.473536 0.331491 0.436953 0.377750 0.439969 0.442787 0.448646 0.457537 0.455432 0.480333
1 0.129276 0.645000 0.147026 0.668537 0.166464 0.695583 0.168156 0.776213 0.129844 0.823296 0.094062 0.776213 0.095755 0.692583
2 0.346333 0.504824 0.346615 0.481287 0.337599 0.461250 0.335349 0.433713 0.317318 0.414676 0.297036 0.427194 0.280417 0.479787 0.283516 0.500815 0.291682 0.511333 0.301260 0.529361 0.327458 0.537380
0 0.325526 0.613778 0.366104 0.669630 0.407125 0.618426 0.404505 0.592833 0.390104 0.582750 0.390542 0.571889 0.372214 0.543963 0.351271 0.565676 0.340797 0.581194
1 0.854464 1.000000 0.852766 0.981157 0.888547 0.929185 0.931745 0.987370 0.929260 1.000000
2 0.839682 0.843630 0.849573 0.876926 0.865776 0.892259 0.891026 0.896750 0.903443 0.885898 0.908490 0.845870 0.901547 0.829037 0.899443 0.793500 0.886604 0.775917 0.865563 0.779657 0.854198 0.799111
3 0.601979 0.925546 0.633594 0.969009 0.648589 0.956843 0.675312 0.915694 0.660323 0.893102 0.671729 0.864704 0.666187 0.826463 0.656083 0.834574 0.645000 0.799806 0.631312 0.825880 0.614365 0.819509 0.607844 0.851954 0.615667 0.867028 0.616969 0.895417
4 0.620630 0.727000 0.652432 0.740463 0.676161 0.701870 0.669599 0.656093 0.660010 0.587880 0.619620 0.581593 0.614062 0.611213 0.612552 0.643528 0.608005 0.668657 0.603969 0.699176
4 0.209922 0.704528 0.227271 0.707880 0.249146 0.693806 0.260078 0.659611 0.245375 0.622741 0.244620 0.593241 0.241599 0.565750 0.225760 0.557704 0.205776 0.559713 0.197854 0.591222 0.198609 0.614694 0.194839 0.633463 0.187672 0.664306 0.191818 0.676370 0.199365 0.679722
7 0.187672 0.867630 0.197839 0.850944 0.214260 0.837046 0.236156 0.798120 0.258052 0.824528 0.287766 0.873194 0.278385 0.903778 0.262745 0.909333 0.251797 0.895435 0.237719 0.927407
7 0.575943 0.843657 0.613792 0.785991 0.600948 0.745130 0.559047 0.717500 0.530656 0.735519 0.525927 0.789593
8 0.289708 0.848824 0.298495 0.889685 0.322151 0.886074 0.339047 0.860843 0.326880 0.829602 0.326880 0.786352 0.324177 0.740685 0.305250 0.747898 0.295792 0.765917 0.297141 0.819991
10 0.336438 0.192065 0.390766 0.255417 0.416469 0.214917 0.417635 0.192065 0.426984 0.180639 0.410042 0.169222 0.407120 0.138065 0.434578 0.138065 0.426984 0.095491 0.384922 0.026944 0.346953 0.076796 0.330599 0.127676 0.331182 0.169222
11 0.029172 0.720806 0.075115 0.780046 0.085214 0.774657 0.096828 0.746833 0.094807 0.690287 0.112479 0.683111 0.115000 0.635537 0.099349 0.631944 0.080167 0.591556 0.070068 0.594250 0.060979 0.625667 0.035234 0.635537 0.037250 0.678620
11 0.118094 0.597194 0.159953 0.654185 0.172396 0.657537 0.199927 0.615963 0.203323 0.560991 0.202193 0.506685 0.193516 0.513389 0.177677 0.498639 0.173151 0.473833 0.161839 0.472491 0.156182 0.495287 0.141474 0.511380 0.132422 0.513389 0.129781 0.542213 0.126391 0.565009
12 0.431833 0.607667 0.474474 0.547435 0.470969 0.519398 0.462792 0.504861 0.452859 0.471630 0.441760 0.444630 0.417813 0.432167 0.395615 0.447741 0.381010 0.484093 0.369328 0.532898 0.374583 0.549509 0.392693 0.569241 0.411385 0.603519
12 0.676115 0.807056 0.724578 0.869889 0.751844 0.833981 0.783651 0.803472 0.776078 0.782824 0.768000 0.755898 0.753865 0.714611 0.732151 0.695759 0.700854 0.711917 0.689745 0.763083
6 0.487500 0.750981 0.459464 0.750981 0.444276 0.696981 0.447776 0.674130 0.457125 0.615972 0.478740 0.595204 0.494510 0.622204 0.504443 0.695944 0.506193 0.725019
