1 0.750141 0.504657 0.750141 0.504657 0.767396 0.482213 0.765083 0.463880 0.766766 0.442185 0.748250 0.420481 0.731203 0.447046 0.733516 0.460889 0.732255 0.481093
1 0.608453 0.316426 0.626714 0.293056 0.623062 0.274009 0.626469 0.257991 0.607969 0.231157 0.589219 0.257991 0.593844 0.274444 0.590682 0.296083
7 0.650380 0.500981 0.670380 0.524500 0.689776 0.500981 0.684365 0.484935 0.679552 0.468361 0.666469 0.460611 0.663010 0.471574 0.656245 0.475583
7 0.474245 0.634981 0.478552 0.617741 0.493646 0.601444 0.510891 0.621093 0.511969 0.641213 0.494724 0.663731 0.484755 0.654148
6 0.668818 0.405500 0.678281 0.411944 0.691969 0.402991 0.693578 0.380093 0.691365 0.372935 0.689552 0.346454 0.677880 0.336787 0.669021 0.347167 0.666406 0.371148 0.666203 0.385815
6 0.299401 0.590972 0.308948 0.598759 0.320630 0.592370 0.324000 0.574000 0.321302 0.562417 0.320516 0.539454 0.315688 0.532065 0.310182 0.524676 0.306141 0.527074 0.301198 0.535259 0.296255 0.556630 0.295693 0.572796
5 0.493698 0.356278 0.499286 0.373380 0.499026 0.381926 0.493182 0.394398 0.486552 0.399481 0.489542 0.389546 0.489932 0.380074 0.482521 0.372222 0.482005 0.375917 0.474724 0.368296 0.473818 0.359287 0.481094 0.351426 0.482781 0.346806 0.486552 0.345648 0.490578 0.351657
5 0.503724 0.568009 0.512885 0.579509 0.519354 0.567046 0.520703 0.548370 0.524203 0.545491 0.524745 0.521537 0.509115 0.522019 0.505609 0.527287 0.502646 0.537352 0.502375 0.542139
4 0.425026 0.662019 0.415240 0.659120 0.406391 0.643806 0.411750 0.619370 0.411750 0.600741 0.414776 0.590806 0.425953 0.585417 0.433875 0.593287 0.435505 0.606954 0.437370 0.623102 0.441792 0.642556
4 0.301750 0.413926 0.316562 0.417620 0.325661 0.401676 0.326052 0.387352 0.319943 0.373259 0.320724 0.360787 0.318385 0.347380 0.315656 0.342991 0.308896 0.340917 0.300318 0.344380 0.297849 0.349463 0.296943 0.367481 0.298891 0.369333 0.294474 0.380657 0.291875 0.390361 0.294083 0.403528
4 0.544714 0.250315 0.551760 0.242806 0.556339 0.235074 0.554578 0.218380 0.548005 0.207731 0.549411 0.196667 0.547885 0.184352 0.544833 0.179343 0.542719 0.179556 0.537083 0.174750 0.528745 0.180176 0.526047 0.196880 0.527219 0.204398 0.523698 0.216296 0.521938 0.229648 0.522172 0.237167 0.528396 0.234241 0.534854 0.235500 0.541193 0.242389
4 0.674224 0.601806 0.683651 0.602926 0.695911 0.586991 0.696859 0.574981 0.689625 0.560444 0.691354 0.547037 0.688214 0.533343 0.680354 0.528315 0.670292 0.531102 0.666833 0.547037 0.667932 0.557093 0.663849 0.571065 0.663375 0.585880
4 0.559812 0.660574 0.571635 0.663491 0.580182 0.652176 0.582547 0.634713 0.575818 0.617898 0.576906 0.606259 0.571818 0.589769 0.564724 0.586537 0.553083 0.590741 0.552901 0.599796 0.553266 0.615639 0.550719 0.624685 0.547807 0.639241 0.550901 0.647648
3 0.370755 0.402870 0.387260 0.424944 0.405339 0.400917 0.404865 0.393648 0.398734 0.383306 0.403922 0.373528 0.403135 0.353685 0.397635 0.357324 0.390562 0.340278 0.384901 0.355083 0.375786 0.350889 0.373740 0.367380 0.377198 0.375204 0.377828 0.387222
3 0.581328 0.404333 0.597885 0.423815 0.618823 0.399574 0.611766 0.384861 0.616391 0.373602 0.613714 0.351528 0.608354 0.356296 0.603245 0.340713 0.596667 0.352398 0.587172 0.351963 0.584984 0.366250 0.588635 0.375333 0.590094 0.386157
3 0.581984 0.567074 0.599167 0.592620 0.617198 0.562565 0.612125 0.550046 0.615786 0.534519 0.613250 0.518500 0.607052 0.522000 0.603958 0.503972 0.596349 0.516991 0.586490 0.513991 0.584516 0.528009 0.588464 0.542537 0.588182 0.554056
3 0.369896 0.572333 0.386307 0.589917 0.407349 0.563731 0.399984 0.549889 0.404406 0.535296 0.401458 0.518083 0.397042 0.521083 0.390094 0.501630 0.384625 0.521083 0.376417 0.516213 0.374104 0.529685 0.375995 0.541278 0.378312 0.552509
14 0.442026 0.406750 0.466250 0.442361 0.489771 0.416278 0.486510 0.395574 0.489542 0.386463 0.489073 0.378593 0.483250 0.372380 0.482552 0.376528 0.472073 0.364926 0.474401 0.361620 0.467411 0.349611 0.445984 0.378176
0 0.438505 0.216019 0.445781 0.238426 0.452151 0.248824 0.450594 0.254602 0.436036 0.277241 0.430448 0.278167 0.413031 0.250444 0.420703 0.238657 0.422651 0.221787 0.428760 0.213704 0.432135 0.212083
8 0.478813 0.583148 0.493125 0.599611 0.507802 0.585296 0.502969 0.569185 0.504177 0.542704 0.501359 0.537694 0.501156 0.526602 0.492906 0.528037 0.487870 0.535907 0.485052 0.542704 0.483443 0.550222 0.482234 0.572407
2 0.346130 0.415435 0.337219 0.433861 0.336313 0.451324 0.342839 0.459731 0.349589 0.468454 0.356859 0.468778 0.371047 0.456176 0.370120 0.442269 0.364120 0.437417 0.361047 0.414787 0.352135 0.409935 0.352135 0.409935
2 0.470948 0.271065 0.476406 0.283028 0.475495 0.289500 0.468401 0.300491 0.460766 0.306630 0.451307 0.295315 0.442031 0.284648 0.441307 0.273657 0.445307 0.266213 0.450036 0.256843 0.454219 0.248435 0.458766 0.244556 0.466042 0.248111
2 0.616406 0.518296 0.626547 0.531815 0.635844 0.548343 0.642323 0.544843 0.654438 0.527315 0.653312 0.512787 0.649932 0.508778 0.647396 0.488250 0.639505 0.480731 0.630495 0.483741 0.624016 0.494259
2 0.509917 0.685731 0.530370 0.708241 0.536703 0.707806 0.545708 0.697417 0.549849 0.679667 0.542302 0.673611 0.539865 0.652398 0.528182 0.645907 0.522094 0.652398 0.513573 0.670583
1 0.237880 0.505222 0.256979 0.480972 0.253703 0.464806 0.255885 0.445407 0.236792 0.419213 0.221151 0.445731 0.223516 0.461574 0.221516 0.480000
1 0.493375 0.188102 0.512651 0.165148 0.509563 0.148333 0.510286 0.126019 0.492464 0.104037 0.476099 0.127639 0.478641 0.144778 0.476641 0.163852
1 0.378958 0.295426 0.397510 0.270269 0.394839 0.252111 0.395781 0.232824 0.379432 0.209917 0.361042 0.235898 0.363401 0.250435 0.361198 0.270269
0 0.252615 0.529472 0.258458 0.522111 0.260896 0.506963 0.282078 0.499611 0.287432 0.515185 0.295469 0.535102 0.274042 0.562370
0 0.357427 0.697407 0.378521 0.725537 0.400714 0.694815 0.391073 0.683500 0.388891 0.670565 0.382344 0.661843 0.374885 0.665722 0.367245 0.679944
0 0.531339 0.722194 0.552089 0.751250 0.576766 0.719954 0.565760 0.706259 0.563089 0.690056 0.553344 0.683907 0.548312 0.691731 0.544073 0.707380
8 0.559130 0.503435 0.568349 0.504361 0.577396 0.495083 0.574266 0.473426 0.574964 0.449306 0.573047 0.428269 0.564177 0.428583 0.554781 0.442500 0.551651 0.464463 0.551302 0.489204
9 0.524792 0.432444 0.541297 0.409546 0.537474 0.380204 0.529422 0.335463 0.521771 0.340472 0.523781 0.347630 0.518349 0.346204 0.510297 0.358731 0.508687 0.372324 0.497818 0.374111 0.498422 0.383778 0.500229 0.393796 0.499625 0.407759
10 0.494594 0.525343 0.523240 0.488074 0.519516 0.477722 0.518120 0.448741 0.495990 0.413954 0.479453 0.426787 0.466880 0.463639 0.467344 0.475648 0.465948 0.483935
11 0.330781 0.523259 0.339094 0.542028 0.352349 0.550620 0.374474 0.523259 0.374026 0.512676 0.371552 0.489509 0.354708 0.469944 0.349766 0.470944 0.345609 0.484917 0.341823 0.483028 0.334927 0.486815 0.336677 0.502870
11 0.567891 0.363278 0.571620 0.359963 0.587453 0.339259 0.581630 0.300333 0.563464 0.277565 0.545068 0.302407 0.543901 0.330148
11 0.492286 0.256194 0.507427 0.236324 0.502771 0.194500 0.485068 0.176694 0.466437 0.197398 0.465734 0.208991 0.462010 0.225556 0.463875 0.236741 0.480875 0.258269
11 0.513344 0.582130 0.530802 0.607630 0.537349 0.607074 0.561047 0.577139 0.557620 0.551083 0.537974 0.521704 0.527995 0.542769 0.522385 0.545546
12 0.422583 0.695639 0.446839 0.732528 0.451958 0.729648 0.475130 0.701389 0.474052 0.681269 0.469745 0.675519 0.465161 0.656833 0.456000 0.644370 0.441448 0.644370 0.433630 0.661620 0.427974 0.679824
12 0.647042 0.473981 0.668870 0.442389 0.669802 0.428528 0.665750 0.425204 0.659516 0.400815 0.645797 0.383630 0.633635 0.388620 0.623969 0.408019 0.618667 0.431852 0.618667 0.441833
12 0.530786 0.315241 0.554776 0.278806 0.549422 0.269694 0.545927 0.251889 0.539172 0.239056 0.529859 0.233259 0.518911 0.238231 0.510760 0.254380 0.507729 0.271352 0.504469 0.279630
12 0.256026 0.450639 0.271365 0.470157 0.276776 0.470963 0.299182 0.441556 0.297979 0.426583 0.292870 0.420759 0.290010 0.404343 0.284807 0.391648 0.276104 0.386565 0.265443 0.386083 0.255698 0.405731 0.253740 0.418213 0.249323 0.428130 0.247891 0.432065 0.254271 0.443611
13 0.444203 0.556583 0.463870 0.583741 0.468578 0.582148 0.484875 0.563574 0.484089 0.547000 0.486885 0.540417 0.483630 0.536620 0.481844 0.518046 0.467016 0.500278 0.453536 0.518046 0.451740 0.531028 0.447698 0.540611
8 0.424870 0.507333 0.437917 0.490935 0.432526 0.472685 0.434089 0.450417 0.431135 0.429074 0.421740 0.429389 0.414604 0.443000 0.410427 0.459083 0.410255 0.491556
7 0.327339 0.514722 0.303849 0.484722 0.313417 0.472963 0.318635 0.455333 0.331339 0.447917 0.346125 0.476676 0.345432 0.484407 0.342297 0.481009 0.335859 0.487815 0.335859 0.504519
7 0.495297 0.357444 0.514609 0.335796 0.510083 0.318167 0.505911 0.312593 0.499125 0.299296 0.491120 0.298370 0.482594 0.313833 0.476682 0.318778 0.474073 0.334556 0.477901 0.343833 0.486599 0.345694
0 0.690906 0.507676 0.710729 0.538074 0.716365 0.540009 0.736193 0.511880 0.734010 0.501861 0.729646 0.497981 0.728917 0.487954 0.726370 0.481815 0.707271 0.475991 0.701453 0.489574 0.700724 0.495389
0 0.641651 0.373278 0.623104 0.347565 0.623578 0.340861 0.631120 0.332759 0.633948 0.319898 0.651714 0.306769 0.658000 0.320463 0.659573 0.335269 0.663818 0.344491
0 0.346458 0.373630 0.365010 0.350991 0.363734 0.339676 0.357917 0.332889 0.355734 0.322537 0.339365 0.305407 0.330635 0.314454 0.329365 0.329333 0.323724 0.345500
1 0.343771 0.647333 0.362031 0.622231 0.358870 0.603185 0.361302 0.583278 0.343526 0.562935 0.325755 0.587167 0.327458 0.603620 0.325026 0.622667
1 0.493943 0.774472 0.512021 0.751565 0.509031 0.733954 0.511547 0.714398 0.493786 0.690361 0.475078 0.716074 0.479323 0.731444 0.475865 0.752954
1 0.647724 0.642593 0.661401 0.621639 0.659089 0.607046 0.660349 0.581981 0.642464 0.561407 0.625208 0.586843 0.628578 0.603306 0.626052 0.623509
