2 0.444891 0.254454 0.444891 0.246167 0.437521 0.240287 0.435568 0.217296 0.429250 0.212222 0.422031 0.214093 0.418422 0.222111 0.416771 0.228528 0.410604 0.241889 0.414365 0.258194 0.419776 0.258463 0.420682 0.253657 0.423536 0.260333 0.423083 0.271296 0.428500 0.275037 0.434964 0.272639
2 0.481005 0.655435 0.492078 0.660444 0.495500 0.672250 0.505161 0.675472 0.514625 0.663667 0.515427 0.646843 0.509792 0.641833 0.509792 0.622148 0.501943 0.614639 0.491073 0.617861 0.484427 0.631815 0.480000 0.643981
1 0.206531 0.472426 0.224615 0.450806 0.222120 0.430852 0.223365 0.407019 0.206219 0.385954 0.187823 0.411454 0.192188 0.430852 0.188443 0.449148
1 0.348807 0.261685 0.366901 0.236019 0.363943 0.219000 0.365333 0.198593 0.347068 0.174463 0.329495 0.199519 0.332276 0.215287 0.329146 0.232611
1 0.463333 0.154352 0.480240 0.129657 0.478229 0.112481 0.480240 0.090296 0.470781 0.081704 0.453469 0.080269 0.443604 0.096380 0.447229 0.111407 0.443604 0.131806
1 0.558745 0.260537 0.576667 0.283120 0.595802 0.257759 0.591802 0.244769 0.594411 0.223731 0.577536 0.199296 0.558573 0.223426 0.561354 0.239815
1 0.718911 0.471741 0.735859 0.448769 0.733094 0.431167 0.734432 0.411028 0.717823 0.390602 0.699948 0.412972 0.702969 0.429083 0.700875 0.448472
1 0.593677 0.589046 0.613302 0.613537 0.630974 0.588824 0.627339 0.570565 0.628635 0.550241 0.611484 0.529676 0.593677 0.554167 0.597318 0.572417
1 0.462469 0.743787 0.480906 0.718731 0.478125 0.701722 0.479516 0.681926 0.461943 0.659963 0.444719 0.681620 0.446984 0.699870 0.444198 0.718731
1 0.295099 0.591176 0.312323 0.613139 0.330766 0.589324 0.327286 0.572620 0.329896 0.552519 0.312146 0.529009 0.294750 0.551593 0.297536 0.572315 0.294922 0.583759
0 0.403547 0.246361 0.410849 0.234426 0.419573 0.222944 0.420161 0.216231 0.416469 0.209815 0.412193 0.205787 0.408161 0.188787 0.404135 0.181324 0.397422 0.180583 0.392307 0.185352 0.389536 0.194306 0.391635 0.200417 0.385760 0.206537 0.381401 0.212648 0.381401 0.221000 0.387693 0.230694
10 0.431219 0.449731 0.462198 0.487824 0.491776 0.453870 0.486187 0.441037 0.486187 0.419917 0.483391 0.409565 0.463359 0.377269 0.442401 0.405009 0.439141 0.416194 0.433781 0.438963
0 0.659708 0.477185 0.682583 0.506296 0.685573 0.503519 0.703115 0.481343 0.702208 0.469787 0.697917 0.465630 0.697526 0.457315 0.694927 0.451306 0.688953 0.447148 0.676214 0.446685 0.669979 0.455463 0.669849 0.463778
0 0.502203 0.690787 0.520927 0.716204 0.526760 0.713694 0.544276 0.689722 0.541656 0.681491 0.535620 0.673972 0.530385 0.655361 0.521932 0.651426 0.517099 0.656796 0.513880 0.670389 0.506833 0.679343
0 0.327474 0.666454 0.347807 0.693296 0.368542 0.665028 0.360286 0.652500 0.358880 0.639972 0.353844 0.630667 0.344990 0.629241 0.338547 0.643907 0.331302 0.655722
0 0.246313 0.527602 0.263422 0.502556 0.260604 0.494324 0.256375 0.489667 0.253760 0.466769 0.234031 0.469630 0.226786 0.476787 0.226786 0.487880 0.220745 0.498259 0.230813 0.514722
0 0.317531 0.342278 0.333745 0.315111 0.327198 0.300704 0.325016 0.290722 0.309115 0.274648 0.301318 0.280194 0.297578 0.292944 0.291026 0.309574 0.302255 0.326750
7 0.467099 0.323667 0.479880 0.306824 0.479880 0.293463 0.477458 0.283296 0.474917 0.284639 0.468901 0.266991 0.457474 0.265120 0.453865 0.276352 0.445594 0.286509 0.443641 0.300407 0.447839 0.310565
8 0.447615 0.550417 0.459464 0.566491 0.469130 0.563722 0.474740 0.554296 0.471938 0.537120 0.470062 0.517713 0.468193 0.505519 0.472557 0.497759 0.466010 0.491111 0.457594 0.495546 0.456656 0.502194 0.451979 0.508843 0.450109 0.538222
8 0.374937 0.456000 0.389490 0.473250 0.398651 0.468935 0.405391 0.458870 0.400271 0.440185 0.401885 0.422944 0.398385 0.408093 0.400000 0.403778 0.397307 0.396593 0.390031 0.396593 0.380052 0.411944 0.380573 0.442593
7 0.274333 0.453065 0.290839 0.478472 0.301911 0.474176 0.305130 0.465944 0.304932 0.455565 0.310161 0.451269 0.311370 0.436602 0.308958 0.431231 0.302109 0.428722 0.299094 0.417630 0.293656 0.416917 0.285604 0.425509 0.281380 0.438389
8 0.519625 0.458157 0.530943 0.475398 0.545224 0.463907 0.544687 0.446657 0.542260 0.439472 0.544146 0.433241 0.539833 0.410250 0.540646 0.399231 0.531479 0.398269 0.525552 0.407370 0.521510 0.418870
9 0.466734 0.370870 0.485083 0.398139 0.492302 0.399481 0.510042 0.373815 0.504630 0.349222 0.504177 0.327565 0.496661 0.301639 0.493500 0.303778 0.492901 0.315806 0.490193 0.312870 0.485083 0.316074 0.478766 0.327565 0.477115 0.339333 0.467339 0.339602 0.467339 0.347083 0.468844 0.356704 0.468542 0.362056
0 0.609937 0.340454 0.592651 0.316426 0.592391 0.308796 0.599927 0.299556 0.603047 0.287315 0.614224 0.277380 0.621891 0.278074 0.625792 0.289167 0.626828 0.302565 0.631641 0.308565 0.630599 0.314111
11 0.483625 0.550759 0.498531 0.574778 0.506917 0.573537 0.526714 0.549102 0.528344 0.537509 0.524849 0.532130 0.525547 0.520537 0.525083 0.515148 0.509010 0.496102 0.503188 0.494861 0.490380 0.514741 0.487818 0.520120 0.486885 0.535028
11 0.535052 0.250269 0.548448 0.267898 0.551229 0.276250 0.556104 0.304713 0.550359 0.318009 0.533833 0.331306 0.511740 0.298833 0.513823 0.288315 0.514000 0.269444 0.531396 0.249657
11 0.429151 0.196935 0.450089 0.227352 0.458323 0.225565 0.476234 0.200870 0.474849 0.182620 0.472031 0.178685 0.470802 0.164009 0.455724 0.144333 0.450089 0.142898 0.434167 0.165806 0.434990 0.176176
11 0.297828 0.490630 0.315578 0.516917 0.322536 0.514444 0.342370 0.490009 0.343240 0.481037 0.338891 0.456602 0.322536 0.436194 0.303396 0.458148 0.303047 0.470213
12 0.585359 0.405796 0.605625 0.435194 0.618198 0.437269 0.637297 0.408287 0.637068 0.395444 0.631010 0.385926 0.627583 0.367287 0.619130 0.353713 0.607042 0.354083 0.599802 0.362278 0.593370 0.376611 0.591156 0.389157
12 0.246245 0.439593 0.266776 0.410213 0.267646 0.393815 0.261729 0.386398 0.256859 0.367528 0.249896 0.356704 0.241719 0.353611 0.228151 0.364741 0.224323 0.375565 0.222755 0.388870 0.217714 0.396602 0.219625 0.405574 0.225370 0.417019 0.227453 0.416083 0.231802 0.423509 0.234589 0.433713
12 0.499385 0.280370 0.523917 0.246963 0.517130 0.236139 0.514870 0.220056 0.507214 0.206444 0.499557 0.200880 0.485812 0.206444 0.479552 0.224389 0.476943 0.237991 0.474505 0.249130
12 0.391495 0.665731 0.414198 0.695130 0.420813 0.695935 0.442917 0.668935 0.443219 0.653694 0.436302 0.644343 0.434500 0.629370 0.426531 0.614667 0.417208 0.611194 0.406682 0.620287 0.399615 0.641139 0.397807 0.649157
13 0.413198 0.525574 0.430766 0.547537 0.438599 0.548157 0.446948 0.537639 0.455125 0.508259 0.451297 0.503306 0.450078 0.489704 0.446599 0.480417 0.434943 0.469593 0.422417 0.482278 0.420328 0.500213 0.417891 0.505167
14 0.435552 0.319528 0.413281 0.348907 0.415177 0.381694 0.436250 0.408296 0.458328 0.380454 0.458672 0.350454 0.452411 0.342102 0.449469 0.345815 0.440948 0.332824 0.442161 0.329426
7 0.616526 0.467954 0.634099 0.489296 0.642797 0.488370 0.656021 0.470120 0.656714 0.459917 0.651146 0.452796 0.647667 0.438574 0.635839 0.427435 0.632359 0.437648 0.622786 0.445065 0.622266 0.454343
7 0.463734 0.633139 0.481651 0.608444 0.478833 0.585185 0.464339 0.570509 0.459708 0.569796 0.454276 0.579815 0.444812 0.587333 0.446021 0.596639 0.443203 0.604509 0.447630 0.611306
6 0.271786 0.566620 0.284661 0.564769 0.290052 0.556102 0.290922 0.536926 0.287271 0.504454 0.281005 0.494556 0.275958 0.493630 0.267437 0.507546 0.265870 0.518065 0.265870 0.531361 0.262214 0.543731 0.264651 0.553944
6 0.633661 0.349037 0.636068 0.370148 0.645536 0.379241 0.657568 0.376037 0.661479 0.358657 0.660427 0.340481 0.657266 0.315620 0.647495 0.306000 0.642984 0.307602 0.638474 0.316954 0.636365 0.341019
5 0.459427 0.362111 0.465219 0.357333 0.468156 0.349880 0.466307 0.340630 0.463542 0.334509 0.462531 0.328102 0.459177 0.320194 0.457833 0.318852 0.456406 0.313926 0.452297 0.312583 0.449865 0.318852 0.442563 0.325565 0.443234 0.332130 0.444661 0.338093 0.448521 0.339731 0.449693 0.344657 0.453302 0.342269 0.458255 0.349278 0.458589 0.357935
5 0.484161 0.544648 0.489620 0.532398 0.489880 0.518074 0.491958 0.514380 0.489490 0.506981 0.492740 0.505833 0.494036 0.494046 0.493130 0.488963 0.483250 0.491278 0.478052 0.489889 0.475583 0.494509 0.470255 0.505370 0.469344 0.510685 0.471167 0.519231 0.469995 0.533556 0.478833 0.545111
4 0.268927 0.380769 0.282760 0.385574 0.294193 0.370870 0.294943 0.356435 0.288479 0.339861 0.289078 0.326769 0.286521 0.310731 0.277500 0.307519 0.267125 0.313935 0.265318 0.326231 0.265922 0.339602 0.260510 0.351361 0.260958 0.367667
4 0.515068 0.217972 0.525292 0.202463 0.523786 0.185352 0.517620 0.174657 0.518375 0.162102 0.515667 0.147130 0.507547 0.142583 0.496422 0.148731 0.494917 0.165306 0.495516 0.172519 0.491906 0.183481 0.490708 0.193907 0.490854 0.204602 0.497922 0.201926 0.503484 0.203000 0.510104 0.210750
4 0.642396 0.568352 0.652661 0.569593 0.665708 0.551963 0.663797 0.538352 0.659620 0.530000 0.659448 0.515463 0.656490 0.500000 0.648312 0.495981 0.638917 0.499380 0.635958 0.508352 0.636479 0.524435 0.630911 0.545778 0.631958 0.555676
4 0.530458 0.630435 0.540156 0.629954 0.550937 0.617019 0.550130 0.594500 0.543661 0.585880 0.545281 0.571509 0.542312 0.557611 0.532073 0.553306 0.521297 0.559528 0.520219 0.574380 0.518870 0.595463 0.515635 0.609352
4 0.391948 0.630676 0.380771 0.627361 0.374250 0.607491 0.379604 0.588028 0.380307 0.566907 0.384500 0.556148 0.393583 0.554491 0.401734 0.560287 0.404760 0.575194 0.403365 0.584713 0.409651 0.600037 0.409651 0.611630
3 0.356849 0.389389 0.374312 0.366111 0.368073 0.350593 0.373062 0.340056 0.370880 0.318991 0.365578 0.323426 0.359031 0.305694 0.352797 0.324537 0.343755 0.316222 0.341573 0.332296 0.345625 0.340056 0.346250 0.350593 0.342193 0.366111
3 0.339688 0.538630 0.357385 0.558093 0.375552 0.530352 0.367870 0.516685 0.372526 0.505500 0.370896 0.483972 0.364141 0.490185 0.359484 0.471139 0.353427 0.487287 0.343646 0.481907 0.342016 0.501778 0.345510 0.510056 0.346438 0.519583
2 0.301729 0.415481 0.325078 0.439102 0.339958 0.421213 0.338771 0.410472 0.333130 0.404750 0.328703 0.379694 0.320854 0.377907 0.313604 0.382204 0.307167 0.396880
