13 0.390161 0.714130 0.409297 0.740417 0.418870 0.739491 0.430000 0.722167 0.431219 0.700824 0.429828 0.690926 0.426349 0.675157 0.412953 0.658139 0.396599 0.674222 0.397120 0.690926 0.392422 0.696185
12 0.403667 0.801556 0.411719 0.814796 0.420979 0.844491 0.420375 0.852370 0.410109 0.854157 0.406484 0.859167 0.403062 0.854519 0.400245 0.845213 0.404271 0.840556
12 0.562661 0.594704 0.573276 0.611102 0.588760 0.629657 0.599891 0.618519 0.613115 0.597176 0.613292 0.582333 0.608068 0.576454 0.605115 0.557898 0.596068 0.543981 0.584411 0.541815 0.575536 0.551093 0.568401 0.573361
12 0.449568 0.437009 0.473641 0.469083 0.501156 0.435407 0.493490 0.424444 0.489865 0.407065 0.484464 0.395037 0.472438 0.389157 0.461156 0.396111 0.453625 0.423380
12 0.204578 0.609778 0.209125 0.622019 0.218094 0.628028 0.226932 0.623407 0.244995 0.597065 0.242786 0.581824 0.238240 0.576741 0.235380 0.560333 0.228880 0.546935 0.218484 0.540463 0.205750 0.550398 0.199380 0.570731 0.192750 0.588056 0.194833 0.595917 0.200682 0.604231
11 0.460406 0.741102 0.474568 0.760963 0.483146 0.763278 0.504589 0.736481 0.504458 0.724694 0.500302 0.717991 0.502380 0.709907 0.501729 0.703435 0.493932 0.694426 0.491464 0.699741 0.488865 0.690731 0.484318 0.684491 0.481849 0.684491 0.476651 0.693046 0.475870 0.699972 0.471193 0.699278 0.465734 0.705981 0.465344 0.716380 0.462094 0.728620
11 0.274115 0.681657 0.291109 0.704648 0.299078 0.705454 0.318927 0.678722 0.319526 0.667222 0.315771 0.661343 0.318323 0.648509 0.315917 0.641565 0.307948 0.637556 0.300130 0.624991 0.295771 0.624991 0.290208 0.638083 0.283292 0.638889 0.280583 0.646370 0.282234 0.658407 0.276224 0.669630
11 0.428667 0.331694 0.432958 0.331231 0.447641 0.351102 0.451932 0.387611 0.449464 0.397546 0.436464 0.411407 0.424510 0.412333 0.406833 0.390148 0.409432 0.372824 0.412552 0.368204 0.411125 0.351565
11 0.510516 0.436954 0.518312 0.448972 0.525979 0.454981 0.528453 0.469537 0.531312 0.493796 0.529359 0.500491 0.512854 0.518287 0.505969 0.514352 0.486344 0.482009 0.490760 0.474389 0.491151 0.459139 0.497130 0.453130
10 0.408979 0.638111 0.439958 0.677407 0.468224 0.640250 0.463115 0.629556 0.463115 0.612185 0.459953 0.597213 0.440406 0.568611 0.421615 0.592398 0.414245 0.612454
9 0.471896 0.587565 0.487083 0.570454 0.487083 0.554417 0.483323 0.542389 0.475505 0.489194 0.468740 0.487852 0.469792 0.508972 0.461818 0.506296 0.452047 0.516185 0.453401 0.521269 0.446182 0.522074 0.443474 0.531694 0.446031 0.550139 0.446333 0.560028
8 0.360422 0.657528 0.373141 0.662019 0.380521 0.650620 0.381490 0.639065 0.377026 0.627157 0.377995 0.614556 0.377219 0.602130 0.375083 0.595056 0.375177 0.587463 0.369547 0.585389 0.362656 0.593676 0.358771 0.601787 0.356927 0.620426 0.355667 0.644241
8 0.504344 0.658944 0.513328 0.660343 0.520854 0.653352 0.522089 0.639778 0.518604 0.628796 0.519391 0.613213 0.516359 0.594843 0.515349 0.586861 0.509510 0.586056 0.502880 0.596241 0.497490 0.605824 0.496365 0.644963 0.496703 0.651352
8 0.425286 0.740102 0.436156 0.755139 0.442802 0.754417 0.451458 0.742611 0.449646 0.727222 0.446021 0.703602 0.444812 0.692870 0.446224 0.686065 0.443604 0.679981 0.437161 0.683917 0.433542 0.687500 0.432734 0.692509 0.429109 0.696083 0.427703 0.719352
7 0.440948 0.820509 0.457641 0.796176 0.455536 0.786287 0.455833 0.776398 0.451776 0.769713 0.445307 0.769176 0.443505 0.759556 0.434786 0.759019 0.432979 0.770519 0.422151 0.772657 0.422302 0.784685 0.419448 0.794306 0.424109 0.802593
7 0.594693 0.655083 0.612786 0.680130 0.617656 0.677657 0.633661 0.659722 0.633490 0.649204 0.627745 0.639620 0.624964 0.626630 0.617828 0.621981 0.614875 0.614870 0.609307 0.620750 0.608958 0.626009 0.599042 0.633741 0.599042 0.641778
7 0.440365 0.512611 0.448484 0.505389 0.456604 0.493093 0.456453 0.482130 0.451490 0.477324 0.448781 0.459407 0.439911 0.452731 0.432542 0.460750 0.424573 0.464222 0.422469 0.474917 0.418708 0.485880 0.420964 0.493898 0.426229 0.502981 0.431193 0.502444 0.434651 0.506463
7 0.248245 0.643694 0.267036 0.667481 0.276083 0.663491 0.281302 0.656657 0.280083 0.646139 0.283740 0.637204 0.287740 0.638722 0.287740 0.623250 0.278172 0.614287 0.275906 0.603463 0.270688 0.606278 0.268948 0.609981 0.262859 0.610917 0.259208 0.627000
6 0.249667 0.754278 0.260380 0.753861 0.267135 0.743926 0.267365 0.727361 0.266203 0.719907 0.266203 0.705417 0.261776 0.688852 0.254557 0.681398 0.243375 0.691333 0.240583 0.714935 0.238953 0.734815
6 0.610563 0.535352 0.610714 0.551926 0.615677 0.564491 0.623646 0.566361 0.635823 0.562352 0.638380 0.546583 0.636276 0.530278 0.636427 0.521722 0.632068 0.503546 0.623948 0.494185 0.615224 0.501407 0.614021 0.516380
5 0.437833 0.510574 0.441135 0.520472 0.445661 0.534083 0.440786 0.547694 0.438354 0.546454 0.437656 0.527898 0.435745 0.520167 0.429828 0.524185 0.429828 0.526046 0.427740 0.524185 0.424432 0.527593 0.421302 0.516454 0.421823 0.511194 0.426698 0.505935 0.428089 0.503463 0.431047 0.500991 0.435568 0.506250
5 0.449339 0.726407 0.457260 0.735926 0.462615 0.723926 0.466344 0.705287 0.468906 0.702389 0.467042 0.698250 0.470536 0.696593 0.469833 0.677963 0.462151 0.677963 0.454000 0.677546 0.450271 0.686657 0.446547 0.692037 0.444917 0.704046 0.447708 0.718130
4 0.354573 0.788843 0.355693 0.777852 0.357943 0.774463 0.357266 0.761880 0.359177 0.749102 0.362547 0.745306 0.370297 0.743713 0.378271 0.747500 0.380406 0.763481 0.379505 0.772667 0.385349 0.788037
4 0.506500 0.818176 0.517115 0.818787 0.527203 0.805491 0.527901 0.786935 0.521635 0.777657 0.520594 0.761880 0.520417 0.751361 0.512766 0.742704 0.504760 0.744565 0.497453 0.749204 0.497630 0.769306 0.496760 0.780750 0.496760 0.780750 0.492932 0.791880 0.492932 0.799926
4 0.642516 0.738148 0.638005 0.721574 0.634698 0.715954 0.635750 0.704463 0.633344 0.689759 0.627479 0.684148 0.615302 0.686556 0.612292 0.692167 0.611990 0.709537 0.607781 0.729593 0.608682 0.741620 0.617104 0.756593 0.629583 0.758731
4 0.244146 0.567991 0.258818 0.573370 0.268135 0.567157 0.272328 0.549769 0.268135 0.531546 0.264177 0.526991 0.266271 0.520370 0.264177 0.502148 0.257422 0.495935 0.243448 0.498426 0.240651 0.519954 0.242281 0.525343 0.235760 0.545213 0.236693 0.557222
2 0.384635 0.440583 0.396979 0.455074 0.406297 0.465833 0.422370 0.446787 0.420969 0.433130 0.415615 0.431056 0.412354 0.406213 0.404901 0.398343 0.398609 0.402481 0.391859 0.413250 0.389995 0.424843
2 0.278667 0.604139 0.297255 0.625398 0.303880 0.625852 0.316099 0.610611 0.315578 0.602287 0.311937 0.595130 0.309208 0.593972 0.305568 0.571102 0.298422 0.566250 0.291016 0.569250 0.284516 0.584269
1 0.694646 0.659833 0.675724 0.638361 0.678943 0.621546 0.677135 0.601500 0.694849 0.576454 0.712964 0.600426 0.709943 0.620472 0.712161 0.637648
1 0.324958 0.450694 0.306010 0.424769 0.308865 0.410602 0.306760 0.388139 0.325406 0.365954 0.340745 0.387880 0.338938 0.407389 0.340896 0.415676 0.336234 0.421824 0.335630 0.431713
1 0.183417 0.660759 0.201156 0.639102 0.198604 0.620926 0.200255 0.598204 0.182062 0.576019 0.165370 0.601407 0.168380 0.619593 0.164922 0.639102
1 0.288875 0.801361 0.306641 0.779056 0.304031 0.760231 0.306130 0.741157 0.288437 0.718333 0.271323 0.741287 0.274297 0.759204 0.271109 0.778157
1 0.588568 0.802833 0.606312 0.778093 0.605443 0.777472 0.604052 0.759843 0.606141 0.737880 0.586651 0.716852 0.570823 0.741898 0.572911 0.758907 0.571693 0.777157
0 0.308776 0.840028 0.319958 0.822639 0.325781 0.819741 0.333000 0.820981 0.338125 0.833398 0.337193 0.841685 0.340922 0.847481 0.332068 0.867352 0.330672 0.855343 0.321125 0.852444 0.306682 0.852037
0 0.222203 0.719139 0.240641 0.690991 0.239250 0.686972 0.233161 0.678306 0.231594 0.664083 0.226375 0.656963 0.205500 0.659444 0.203411 0.670269 0.203932 0.675528 0.197844 0.684806 0.199234 0.691611
0 0.293464 0.528796 0.309120 0.507759 0.308771 0.497556 0.301990 0.488583 0.300250 0.477139 0.285807 0.463222 0.280589 0.467861 0.275719 0.477454 0.275021 0.487352 0.270323 0.495704 0.269281 0.502815 0.276411 0.512713
0 0.380771 0.434528 0.394755 0.413935 0.397010 0.406185 0.395510 0.399769 0.389495 0.395231 0.386786 0.381056 0.381073 0.369833 0.375661 0.367694 0.369797 0.372241 0.365885 0.381324 0.367693 0.390685 0.357766 0.401380 0.358219 0.410194
0 0.566995 0.501944 0.586828 0.528241 0.591526 0.525759 0.609620 0.500398 0.607010 0.493593 0.602661 0.490500 0.594484 0.464833 0.587870 0.463287 0.580911 0.466685 0.577953 0.474111 0.577953 0.486796 0.572214 0.493287
0 0.635745 0.666463 0.657844 0.694722 0.664042 0.694250 0.681828 0.669333 0.678323 0.658796 0.675359 0.655917 0.673474 0.639630 0.654880 0.631009 0.649490 0.634361 0.647172 0.648833
14 0.389255 0.537019 0.391172 0.555583 0.389604 0.567333 0.412568 0.598259 0.435010 0.571667 0.432578 0.553722 0.422141 0.567028 0.418484 0.560528 0.422313 0.545685 0.420922 0.535787 0.415875 0.534241 0.413615 0.517231 0.414307 0.507639 0.411875 0.507639
