7 0.458224 0.459880 0.479620 0.485250 0.482755 0.483083 0.500500 0.462972 0.497021 0.452148 0.498062 0.441324 0.487104 0.435759 0.484839 0.426167 0.475969 0.424935 0.475620 0.434213 0.464833 0.441019 0.463266 0.451222
7 0.291568 0.309472 0.309141 0.334833 0.315922 0.331120 0.322188 0.323389 0.322880 0.313185 0.330536 0.307000 0.329318 0.300500 0.329667 0.287824 0.321141 0.282870 0.318359 0.272352 0.313833 0.271741 0.304615 0.280704 0.300615 0.294630
8 0.393115 0.310361 0.407323 0.330648 0.420135 0.324852 0.423859 0.310361 0.419432 0.295861 0.420365 0.280130 0.418500 0.266463 0.417339 0.254046 0.409885 0.251148 0.403365 0.261500 0.399172 0.269361 0.398474 0.297935
8 0.537891 0.312963 0.545813 0.327870 0.559786 0.325389 0.564443 0.310065 0.559786 0.296815 0.561182 0.274870 0.558391 0.263278 0.557458 0.257065 0.551635 0.252509 0.544646 0.259963 0.544411 0.267000 0.539990 0.273213 0.539521 0.301370
8 0.465370 0.406593 0.477203 0.422056 0.485208 0.420815 0.492510 0.412157 0.491990 0.398241 0.488339 0.390194 0.487641 0.370407 0.486250 0.366380 0.487120 0.351231 0.479813 0.348130 0.475812 0.354009 0.474943 0.362056 0.471464 0.367315 0.470245 0.392981
4 0.393417 0.466472 0.399849 0.481935 0.411854 0.484722 0.422120 0.476676 0.427865 0.464926 0.426297 0.449148 0.421427 0.442343 0.422297 0.431213 0.419687 0.413889 0.411854 0.409565 0.401245 0.414204 0.398109 0.433380 0.398979 0.438639 0.393937 0.454407
4 0.278615 0.213463 0.282344 0.235000 0.300974 0.240796 0.313089 0.229611 0.313552 0.207259 0.307266 0.194833 0.307500 0.184065 0.305167 0.167093 0.295854 0.161713 0.286302 0.166676 0.282344 0.184898 0.283042 0.197315
10 0.453672 0.310685 0.478594 0.344231 0.483021 0.340917 0.508172 0.308620 0.504677 0.297028 0.504214 0.282528 0.500021 0.264731 0.502583 0.257685 0.500953 0.248167 0.486979 0.232843 0.479760 0.230361 0.473005 0.239056 0.468115 0.250648 0.459260 0.264731 0.457167 0.276324 0.454370 0.285843
5 0.462542 0.180111 0.471714 0.168352 0.478182 0.165417 0.484344 0.188398 0.487052 0.208185 0.483292 0.214602 0.479984 0.212731 0.478781 0.199630 0.475927 0.202306 0.472016 0.195889 0.468708 0.196426 0.460885 0.188935
5 0.490818 0.390991 0.495130 0.401528 0.499437 0.400565 0.504828 0.394824 0.506984 0.374222 0.511026 0.364157 0.505635 0.354102 0.508870 0.348352 0.506984 0.336370 0.501057 0.332537 0.492974 0.347389 0.488661 0.356491 0.486776 0.362722 0.485698 0.367509 0.486776 0.369907 0.486776 0.388111
0 0.333615 0.196426 0.350495 0.176009 0.351714 0.164565 0.344578 0.156213 0.342318 0.145704 0.330313 0.130852 0.323005 0.131167 0.317437 0.142296 0.317089 0.153120 0.310130 0.163944 0.311349 0.169824 0.319177 0.179722
0 0.679750 0.336472 0.698875 0.364380 0.703099 0.361157 0.721620 0.338259 0.721422 0.324296 0.714573 0.317139 0.713568 0.307481 0.704109 0.294241 0.698875 0.297463 0.690620 0.309981 0.685187 0.320722
0 0.517234 0.545333 0.540990 0.572667 0.562651 0.547824 0.560089 0.533741 0.554729 0.529185 0.548677 0.510972 0.539125 0.505583 0.531208 0.525463
1 0.224161 0.328491 0.243729 0.304065 0.241167 0.285843 0.242797 0.268037 0.225328 0.245676 0.207391 0.265556 0.209255 0.281287 0.207161 0.302407
0 0.367750 0.549611 0.386193 0.520537 0.384104 0.512185 0.377495 0.506926 0.376625 0.497028 0.375057 0.489296 0.369839 0.484963 0.362880 0.486824 0.353313 0.503528 0.347745 0.513731 0.346354 0.521157
0 0.263047 0.383583 0.280333 0.361176 0.280333 0.352398 0.275135 0.346620 0.272667 0.330444 0.267208 0.326056 0.254729 0.324907 0.247323 0.331139 0.245505 0.344546 0.239786 0.353787 0.240953 0.358407
4 0.684677 0.404963 0.680516 0.389250 0.676229 0.382546 0.678307 0.371685 0.675448 0.356444 0.666740 0.351361 0.656083 0.353898 0.653875 0.371685 0.654396 0.381157 0.648026 0.405880 0.655953 0.419519 0.669859 0.425981
11 0.499812 0.407870 0.519375 0.431880 0.524734 0.430639 0.546625 0.401241 0.543833 0.371843 0.525896 0.348241 0.518677 0.354870 0.516583 0.365222 0.509828 0.368120 0.506891 0.377639 0.507286 0.386250
11 0.315198 0.347343 0.326068 0.363806 0.337943 0.371685 0.341568 0.370963 0.361698 0.343407 0.361896 0.334463 0.357672 0.328741 0.359885 0.318000 0.359078 0.309056 0.348615 0.306194 0.345995 0.297602 0.339354 0.292231 0.333714 0.298324 0.332510 0.306194 0.328281 0.307981 0.322240 0.315139 0.322042 0.325157
12 0.265115 0.293602 0.284609 0.265176 0.285646 0.251315 0.278630 0.242074 0.277458 0.230991 0.273042 0.218046 0.265115 0.210657 0.258354 0.209269 0.249922 0.214583 0.242370 0.232370 0.240292 0.242537 0.234443 0.255019 0.235224 0.261250 0.242760 0.269343 0.242630 0.274194 0.251208 0.281120 0.252505 0.288287 0.257708 0.293370
12 0.606375 0.266185 0.617849 0.277278 0.625901 0.293019 0.633349 0.295528 0.643615 0.279426 0.651062 0.276565 0.656297 0.259028 0.654490 0.247213 0.649859 0.241130 0.646437 0.225389 0.640396 0.213574 0.630333 0.207139 0.619464 0.213574 0.612417 0.226463 0.609797 0.244352 0.605167 0.254370
12 0.411458 0.526287 0.432333 0.552306 0.441208 0.551991 0.459646 0.526009 0.462083 0.510204 0.455125 0.499407 0.453208 0.486731 0.447990 0.472500 0.436859 0.466630 0.426594 0.471269 0.419286 0.485157 0.416677 0.499685 0.412849 0.509926
13 0.433693 0.382685 0.448182 0.402454 0.458516 0.404648 0.463792 0.399657 0.468849 0.396463 0.468958 0.388870 0.471318 0.382481 0.470979 0.367907 0.473005 0.363713 0.469297 0.356324 0.468172 0.344741 0.463344 0.336759 0.456495 0.328972 0.452339 0.327769 0.445146 0.333963 0.439531 0.341944 0.439193 0.356324 0.435151 0.362519 0.433917 0.369907
14 0.453729 0.175454 0.447214 0.183639 0.446875 0.190824 0.441708 0.200009 0.439354 0.196620 0.431151 0.204009 0.431938 0.218787 0.435083 0.221380 0.432615 0.234556 0.433849 0.240944 0.436432 0.240944 0.441151 0.245741 0.441151 0.249333 0.445307 0.253926 0.454401 0.264713 0.458557 0.261713 0.458448 0.257324 0.470917 0.242741 0.474396 0.239546 0.477203 0.233361 0.474172 0.227769 0.474057 0.219185 0.476307 0.216787 0.476755 0.204204 0.472036 0.197417 0.468333 0.197620 0.460469 0.189426 0.460583 0.186037
2 0.321698 0.268648 0.339411 0.291556 0.348068 0.292630 0.358536 0.279028 0.356521 0.264361 0.351292 0.260065 0.347266 0.237519 0.340417 0.233935 0.331964 0.237157 0.328542 0.246111
2 0.497563 0.506537 0.513651 0.529796 0.522073 0.530065 0.530193 0.523917 0.534401 0.511889 0.534552 0.502528 0.529589 0.497185 0.527635 0.481944 0.525229 0.474991 0.514255 0.470981 0.504932 0.480611
1 0.331859 0.470676 0.348547 0.445620 0.345760 0.427991 0.348042 0.409435 0.331167 0.386241 0.312703 0.408815 0.315312 0.425519 0.311677 0.448102
1 0.719656 0.307343 0.735526 0.328509 0.753927 0.306056 0.752844 0.288741 0.752844 0.264370 0.735167 0.242565 0.717849 0.266296 0.722177 0.284898
1 0.632135 0.473519 0.648729 0.447222 0.645844 0.427981 0.647646 0.407454 0.630328 0.384370 0.611932 0.407454 0.613010 0.423491 0.609766 0.444657
6 0.280687 0.393000 0.284417 0.416194 0.295365 0.421991 0.307708 0.414537 0.310734 0.402111 0.307708 0.385546 0.308172 0.376028 0.305146 0.355741 0.296297 0.346213 0.289542 0.349111 0.283250 0.380583
7 0.635021 0.322796 0.650922 0.344269 0.661995 0.343194 0.675078 0.323870 0.673271 0.312778 0.675281 0.306333 0.672260 0.297750 0.668839 0.297389 0.656760 0.285222 0.648911 0.292741 0.647906 0.299537
1 0.480937 0.603139 0.502224 0.576204 0.498615 0.560806 0.499333 0.539639 0.482380 0.513991 0.458932 0.537722 0.463260 0.554389 0.461818 0.576204
4 0.547583 0.485259 0.559693 0.486500 0.569708 0.468694 0.568542 0.452130 0.563187 0.441778 0.564120 0.429769 0.560859 0.415278 0.552474 0.410722 0.541526 0.413620 0.538547 0.432630 0.539943 0.438713 0.535120 0.455194 0.534724 0.467000
