1 0.896094 0.741481 0.883698 0.723759 0.886661 0.702676 0.885047 0.676333 0.908760 0.639444 0.934089 0.669139 0.932745 0.693574 0.936516 0.726630 0.917651 0.749630 0.904984 0.752500
0 0.772323 0.838574 0.773229 0.827713 0.780766 0.815009 0.791552 0.816167 0.798052 0.828870 0.800781 0.839963 0.809620 0.853593 0.813000 0.863528 0.810010 0.873926 0.788562 0.900491 0.782589 0.902343 0.755427 0.866528 0.756203 0.857056 0.770240 0.842963
0 0.566802 0.829648 0.553927 0.811093 0.552016 0.793148 0.545927 0.782944 0.537922 0.780778 0.519479 0.801500 0.517391 0.814491 0.511479 0.823769 0.522609 0.824083 0.525917 0.827176 0.528526 0.833667 0.528005 0.839231 0.528875 0.855324 0.536354 0.866454 0.540703 0.855324 0.551490 0.852222
1 0.338125 0.443972 0.363891 0.475824 0.360870 0.498370 0.364698 0.526278 0.341547 0.556694 0.336714 0.558843 0.311552 0.524852 0.317391 0.502306 0.315177 0.475463
2 0.471687 0.477972 0.488521 0.494602 0.502552 0.509565 0.513469 0.504028 0.529370 0.485731 0.528432 0.462454 0.517833 0.455241 0.514089 0.433630 0.504115 0.423648 0.492266 0.426972 0.483844 0.442491 0.481661 0.452472
2 0.723260 0.813537 0.734224 0.826833 0.744490 0.839519 0.764667 0.840444 0.774589 0.823120 0.773714 0.808898 0.768844 0.797759 0.764667 0.770852 0.756839 0.763120 0.743443 0.762500 0.739964 0.768685 0.731437 0.777963 0.726219 0.795593
0 0.359625 0.594546 0.367109 0.580685 0.367729 0.562944 0.392052 0.550194 0.410135 0.566824 0.410760 0.581241 0.416995 0.591769 0.416995 0.603963 0.391427 0.641102 0.374281 0.622815
8 0.787141 0.554398 0.803042 0.561593 0.816516 0.542426 0.813552 0.516556 0.811125 0.483500 0.805734 0.456667 0.796844 0.454750 0.786333 0.471046 0.782557 0.489250 0.779057 0.532361
11 0.465552 0.581028 0.476495 0.604213 0.492568 0.620778 0.501885 0.620361 0.529833 0.586417 0.529370 0.566537 0.525875 0.559083 0.526807 0.538796 0.518656 0.530102 0.513995 0.531343 0.505609 0.510222 0.498391 0.508981 0.491401 0.525963 0.486510 0.533417 0.477661 0.535481 0.476031 0.550806 0.473469 0.564880
11 0.730833 0.677917 0.750630 0.702759 0.760417 0.704417 0.790458 0.667157 0.791859 0.653491 0.786500 0.643139 0.788130 0.622852 0.774391 0.610843 0.763906 0.593861 0.756224 0.593861 0.749469 0.612500 0.741547 0.614157 0.736891 0.625333 0.738984 0.639824 0.734094 0.655972
12 0.371760 0.487954 0.375990 0.505491 0.392292 0.511213 0.402156 0.502981 0.403167 0.487954 0.413229 0.486167 0.423094 0.471491 0.422286 0.447870 0.415844 0.440000 0.410615 0.411009 0.399542 0.397056 0.386052 0.392398 0.386052 0.392398 0.369344 0.405648 0.361094 0.429259 0.359484 0.443935 0.352437 0.459685 0.355255 0.469704 0.362302 0.475074 0.364115 0.482231
12 0.667990 0.839435 0.670995 0.833287 0.671896 0.816176 0.662276 0.802806 0.657917 0.779019 0.651297 0.766991 0.642578 0.758167 0.628292 0.758972 0.616714 0.773935 0.611453 0.794787 0.609344 0.806815 0.601073 0.819111 0.602729 0.831417 0.605734 0.840769 0.611599 0.846111 0.616563 0.846648 0.618969 0.841037 0.618068 0.834352 0.621828 0.832213 0.624984 0.835426 0.629193 0.838898 0.630849 0.840500 0.630094 0.843972 0.627240 0.847991 0.625286 0.850657 0.628896 0.852000 0.642729 0.853333 0.647687 0.849056 0.643932 0.841574 0.646188 0.838898 0.649042 0.838361 0.651901 0.842370 0.654453 0.843444 0.656411 0.846111 0.660469 0.844778 0.661073 0.842102 0.663630 0.848250
13 0.629484 0.636574 0.653036 0.667352 0.665521 0.670574 0.674578 0.659833 0.682026 0.656611 0.683031 0.645167 0.686250 0.631204 0.686656 0.608657 0.682630 0.600787 0.681219 0.577889 0.681219 0.577889 0.660083 0.555343 0.640354 0.580028 0.638745 0.596852 0.633313 0.611167
1 0.460896 0.728759 0.486464 0.759537 0.513234 0.726259 0.509208 0.699778 0.512229 0.673296 0.487469 0.641796 0.462708 0.674009 0.465328 0.702278
4 0.602302 0.782157 0.586672 0.780241 0.576969 0.751019 0.579667 0.727065 0.585594 0.718444 0.583708 0.702630 0.586401 0.682991 0.597719 0.676759 0.612812 0.682991 0.616854 0.705509 0.613891 0.719880 0.622245 0.734731 0.625208 0.748620 0.615776 0.766352
4 0.790974 0.778676 0.806979 0.783315 0.817766 0.771870 0.824552 0.748676 0.820031 0.730120 0.813417 0.718981 0.814286 0.700426 0.812198 0.683417 0.799500 0.675991 0.783667 0.683417 0.781755 0.708463 0.782276 0.722694 0.775141 0.747130 0.776010 0.754861
4 0.951854 0.696000 0.965250 0.697241 0.980563 0.678991 0.984385 0.662593 0.979167 0.643417 0.974818 0.637231 0.977083 0.619917 0.973599 0.600426 0.961943 0.592074 0.946286 0.599806 0.942807 0.622694 0.944375 0.635065 0.938458 0.648991 0.937068 0.667231 0.938281 0.675583
5 0.735260 0.651009 0.727573 0.662185 0.720354 0.661769 0.710573 0.644796 0.707542 0.619954 0.710802 0.605463 0.716161 0.592213 0.720818 0.583102 0.737823 0.572750 0.742714 0.581861 0.742714 0.594278 0.733396 0.600491 0.737354 0.606704 0.741318 0.621194 0.735495 0.624917 0.739453 0.643139
6 0.456969 0.644657 0.456969 0.645204 0.459151 0.669602 0.452604 0.690111 0.438885 0.695093 0.419865 0.680130 0.417995 0.648537 0.420177 0.642435 0.421422 0.619157 0.429219 0.599204 0.439818 0.588111 0.452604 0.599204
7 0.432432 0.531380 0.444536 0.556611 0.463323 0.569231 0.475010 0.555870 0.475844 0.537315 0.488786 0.532870 0.490036 0.503185 0.478766 0.498731 0.465828 0.478694 0.454557 0.484630 0.447880 0.509861
7 0.916979 0.549722 0.926990 0.565463 0.944229 0.583269 0.954245 0.582435 0.973339 0.555111 0.972641 0.539370 0.960995 0.523222 0.960297 0.509565 0.950516 0.497972 0.945391 0.501694 0.933047 0.507907 0.925828 0.508324 0.922797 0.517019 0.925130 0.528194 0.925359 0.538546
7 0.668495 0.749139 0.693438 0.778519 0.704974 0.778519 0.726490 0.754130 0.720568 0.726417 0.715578 0.729185 0.712146 0.704796 0.697802 0.697593 0.693750 0.704241 0.675354 0.719213 0.676292 0.739167
8 0.679969 0.665833 0.683229 0.679083 0.692547 0.689019 0.706052 0.691917 0.717464 0.675352 0.710245 0.650926 0.709083 0.628981 0.706052 0.613657 0.707682 0.592537 0.701161 0.587574 0.691615 0.599167 0.691380 0.607037 0.685323 0.612000 0.682297 0.624009 0.682760 0.656306
8 0.593109 0.557630 0.608208 0.556194 0.618474 0.542954 0.616057 0.525778 0.611427 0.513972 0.612234 0.489991 0.611229 0.473889 0.606599 0.457065 0.596531 0.459574 0.590896 0.471028 0.586469 0.474250 0.582844 0.525065 0.579422 0.541167
