4 0.244542 0.447833 0.248766 0.467519 0.268698 0.474676 0.276146 0.467880 0.290839 0.446009 0.288625 0.426722 0.281984 0.413843 0.283792 0.397380 0.279766 0.377296 0.274734 0.373759 0.267891 0.371611 0.255208 0.377296 0.251786 0.386287 0.251786 0.410620 0.247760 0.429231
1 0.156609 0.334491 0.180099 0.368519 0.176620 0.392639 0.181141 0.419861 0.155917 0.450481 0.131729 0.419861 0.134688 0.392954 0.131729 0.367278
1 0.366516 0.637426 0.391437 0.601398 0.387943 0.579046 0.390505 0.552546 0.386547 0.543019 0.365818 0.516519 0.339734 0.552954 0.344854 0.572833 0.340896 0.604713
1 0.725714 0.255361 0.750828 0.221148 0.747219 0.191741 0.749474 0.167685 0.724510 0.138009 0.701203 0.170889 0.705115 0.192278 0.701505 0.221148
1 0.577167 0.335935 0.601125 0.367778 0.597698 0.388176 0.602734 0.417528 0.601323 0.422537 0.577974 0.449731 0.574349 0.443287 0.573344 0.433269 0.564286 0.428972 0.553010 0.419315 0.555828 0.399991 0.553615 0.368500
2 0.184135 0.158435 0.192255 0.168593 0.193161 0.180889 0.186844 0.191315 0.178573 0.202009 0.169703 0.203343 0.162635 0.196398 0.164589 0.187037 0.159479 0.178213 0.154214 0.182222 0.147901 0.182759 0.145641 0.171806 0.145943 0.161380 0.150156 0.151481 0.150906 0.144806 0.154667 0.138120 0.156922 0.132509 0.165792 0.123954 0.175417 0.126093 0.179474 0.132509 0.179625 0.138120
2 0.391255 0.504333 0.399260 0.518870 0.404651 0.515778 0.408656 0.520417 0.411089 0.530315 0.418573 0.537731 0.426052 0.537426 0.435797 0.529074 0.440495 0.519481 0.439099 0.497833 0.432839 0.492269 0.431969 0.478963 0.433188 0.466907 0.425880 0.461028 0.417703 0.455769 0.412828 0.459787 0.406047 0.463194 0.405349 0.465667 0.395604 0.479583 0.395260 0.488861
4 0.634177 0.390648 0.619281 0.389574 0.603177 0.366676 0.607401 0.341620 0.611026 0.334824 0.610823 0.315139 0.612635 0.298676 0.616661 0.293306 0.634578 0.293667 0.638000 0.297250 0.642833 0.304759 0.642229 0.329815 0.649073 0.341620 0.653099 0.362731
8 0.452229 0.245639 0.471792 0.253093 0.485323 0.242741 0.480875 0.217898 0.481344 0.188917 0.472979 0.157444 0.467625 0.149991 0.455510 0.164898 0.452458 0.177731 0.449198 0.203407 0.450620 0.222454 0.446870 0.234463
8 0.354891 0.381843 0.371401 0.385778 0.382672 0.377556 0.384484 0.357509 0.377641 0.343556 0.377437 0.322083 0.372005 0.309194 0.375224 0.300250 0.373010 0.283435 0.358313 0.292019 0.358516 0.301685 0.352479 0.314565 0.351875 0.349278 0.346641 0.360370
11 0.132073 0.274481 0.147776 0.302398 0.165089 0.317074 0.202125 0.276278 0.193875 0.253370 0.195885 0.236907 0.192865 0.229037 0.181995 0.225815 0.172130 0.206491 0.163276 0.205417 0.158042 0.219370 0.142339 0.231537 0.140932 0.242278 0.143146 0.252296
12 0.267437 0.528278 0.300974 0.573407 0.313089 0.565954 0.338708 0.530352 0.340573 0.510056 0.330323 0.500120 0.327063 0.477759 0.319375 0.457889 0.303771 0.449602 0.286068 0.463269 0.275823 0.488528 0.276052 0.500537 0.268370 0.512546
13 0.327719 0.253426 0.340073 0.261157 0.351208 0.282815 0.351901 0.298898 0.355208 0.304769 0.351380 0.323324 0.352948 0.339417 0.348073 0.351167 0.334505 0.361685 0.321630 0.361065 0.315891 0.351167 0.316234 0.342509 0.313974 0.332611 0.313281 0.326731 0.309802 0.318380 0.311365 0.311889 0.308406 0.297657 0.307714 0.282500 0.308755 0.271676
4 0.483885 0.418417 0.489521 0.432380 0.491937 0.456352 0.475229 0.481046 0.458922 0.474963 0.444026 0.451704 0.444229 0.433093 0.448656 0.416991 0.450271 0.396593 0.452484 0.378343 0.455302 0.375833 0.466375 0.370111 0.477849 0.374759 0.482276 0.395157
5 0.386755 0.278806 0.402594 0.266796 0.408651 0.275491 0.409115 0.287917 0.405854 0.295370 0.401896 0.295370 0.408417 0.310685 0.407021 0.316481 0.405854 0.328083 0.400266 0.331389 0.395609 0.345056 0.397005 0.359546 0.388854 0.354583 0.379302 0.342157 0.373948 0.319380 0.376510 0.300750 0.379771 0.295778 0.381401 0.290398
6 0.109875 0.281324 0.117958 0.298574 0.124693 0.336417 0.126849 0.355102 0.121193 0.375704 0.110682 0.384806 0.095589 0.380972 0.088854 0.366120 0.087505 0.343602 0.090203 0.330667 0.089125 0.314380 0.093974 0.299056
7 0.144349 0.247639 0.134875 0.259139 0.124651 0.259935 0.105557 0.231870 0.107208 0.220907 0.112474 0.215296 0.118938 0.194713 0.132469 0.188028 0.144651 0.183213 0.148411 0.189093 0.147057 0.201398 0.156229 0.210213 0.154125 0.221176 0.155479 0.229731 0.153370 0.227056 0.143599 0.233741
7 0.338729 0.442111 0.348979 0.457435 0.362490 0.476889 0.368542 0.474407 0.382286 0.460741 0.393229 0.448741 0.389969 0.432593 0.389505 0.418509 0.382052 0.416028 0.376464 0.404019 0.370870 0.394491 0.358995 0.395741 0.357130 0.408157 0.350375 0.420991 0.343620 0.425963 0.339198 0.436315
11 0.412813 0.393287 0.428677 0.402185 0.460401 0.359889 0.459568 0.340593 0.453302 0.334657 0.458313 0.325009 0.455391 0.304972 0.441198 0.303491 0.435354 0.294583 0.429094 0.298296 0.416823 0.300148 0.416823 0.309796 0.413943 0.307870 0.407099 0.316852 0.403130 0.333546 0.410354 0.336741 0.413943 0.346380 0.411771 0.357296 0.412859 0.362417
0 0.650714 0.250000 0.661896 0.237176 0.664062 0.216657 0.673078 0.202546 0.680297 0.201898 0.691120 0.216657 0.691120 0.237176 0.702302 0.251287 0.704828 0.267963 0.691479 0.289130 0.678849 0.302593 0.668391 0.299389 0.646745 0.264111
0 0.422167 0.564463 0.448505 0.599093 0.460047 0.593963 0.481693 0.564463 0.478807 0.545222 0.469068 0.533676 0.460406 0.511870 0.449583 0.506741 0.442370 0.520852 0.438401 0.533037 0.425776 0.542657
0 0.179422 0.515361 0.187807 0.508324 0.193396 0.493417 0.203641 0.479333 0.211562 0.477269 0.220411 0.489278 0.220880 0.503352 0.232990 0.522398 0.232990 0.529435 0.208536 0.561731 0.200380 0.561324 0.177094 0.524472
0 0.026766 0.286648 0.039161 0.273231 0.039969 0.254546 0.046437 0.243528 0.057484 0.239213 0.064224 0.248796 0.074734 0.275148 0.083625 0.289037 0.084432 0.297667 0.076891 0.315870 0.060448 0.336472 0.053984 0.326407 0.039432 0.308685
