0 0.821839 0.503917 0.864870 0.556019 0.870792 0.556019 0.908521 0.505019 0.910391 0.485620 0.890745 0.466222 0.890438 0.455130 0.881391 0.429639 0.868922 0.424093 0.858943 0.427417 0.847719 0.452917 0.846781 0.467324 0.831818 0.479528
1 0.410839 0.332352 0.448359 0.289380 0.444031 0.250259 0.448719 0.203444 0.411562 0.157269 0.371156 0.207935 0.378010 0.245130 0.371516 0.288102
1 0.735563 0.616574 0.773964 0.566852 0.768120 0.526037 0.773130 0.482259 0.735141 0.435509 0.697156 0.485963 0.702167 0.522333 0.698411 0.566111
2 0.769536 0.419926 0.810026 0.464444 0.828396 0.468898 0.840083 0.458509 0.850516 0.439963 0.850932 0.399148 0.837995 0.393213 0.837161 0.359815 0.823802 0.342009 0.800844 0.347944 0.798755 0.356102 0.789156 0.365750 0.777052 0.389500
4 0.590078 0.372426 0.566693 0.366889 0.551104 0.344713 0.547359 0.321991 0.557339 0.281519 0.560766 0.275981 0.558896 0.247157 0.562641 0.221102 0.584464 0.208352 0.604422 0.217778 0.608161 0.256028 0.605667 0.273204 0.616266 0.299815 0.620943 0.326426
4 0.880552 0.366407 0.902922 0.373463 0.926734 0.339472 0.925292 0.300991 0.909776 0.275981 0.914469 0.254176 0.909417 0.220185 0.893901 0.209917 0.867568 0.218259 0.862156 0.262509 0.865401 0.274694 0.856745 0.297787 0.854219 0.326648 0.856745 0.338194
5 0.773010 0.067556 0.782052 0.073657 0.802318 0.079194 0.804193 0.095269 0.799516 0.112454 0.796083 0.115787 0.799516 0.127981 0.793276 0.128528 0.795771 0.149037 0.790781 0.145713 0.782365 0.156250 0.780182 0.172324 0.780495 0.184519 0.772698 0.185630 0.761786 0.177315 0.751495 0.157352 0.750562 0.124648 0.753677 0.114676 0.753677 0.104139 0.756797 0.090287
6 0.325771 0.231537 0.341286 0.231537 0.358240 0.221917 0.362208 0.196898 0.363651 0.168037 0.360042 0.150083 0.362208 0.139176 0.357156 0.123787 0.352469 0.096852 0.337318 0.073759 0.317115 0.095565 0.312422 0.126352 0.305208 0.138537 0.310620 0.153287 0.304849 0.183435 0.309536 0.216139
7 0.726698 0.372593 0.743464 0.368620 0.776990 0.320935 0.774198 0.304046 0.769729 0.275241 0.761906 0.274241 0.740109 0.242454 0.721672 0.246426 0.714406 0.267287 0.699318 0.293120 0.696526 0.319944
8 0.705547 0.203463 0.722245 0.228694 0.741031 0.232398 0.759813 0.216815 0.759813 0.178231 0.751047 0.161907 0.753969 0.128509 0.749797 0.102537 0.746453 0.077306 0.737271 0.072852 0.721828 0.092148 0.721828 0.098824 0.714729 0.107731 0.709307 0.128509 0.710974 0.170806
11 0.392766 0.000000 0.393906 0.025657 0.382635 0.049407 0.387229 0.079093 0.413526 0.123611 0.426880 0.123611 0.464031 0.085028 0.461109 0.052380 0.464031 0.039759 0.467344 0.000000
12 0.585099 0.458648 0.632911 0.520463 0.644505 0.518750 0.691833 0.456926 0.696182 0.424306 0.679760 0.401120 0.671547 0.359907 0.658990 0.339296 0.634359 0.329852 0.608281 0.353037 0.597172 0.399398 0.587031 0.424306
13 0.667927 0.196176 0.687245 0.195315 0.708979 0.182435 0.716224 0.142083 0.711875 0.118898 0.720568 0.101722 0.711396 0.090565 0.708010 0.063944 0.691594 0.037333 0.671307 0.027889 0.648125 0.049352 0.641365 0.077685 0.648609 0.101722 0.654406 0.127481 0.651505 0.136074 0.657786 0.154102 0.654885 0.181574
11 0.808323 0.237213 0.823297 0.255241 0.833922 0.248370 0.877870 0.197713 0.879802 0.174537 0.869661 0.160796 0.870141 0.129028 0.865313 0.120444 0.835370 0.082667 0.823776 0.081806 0.800115 0.123019 0.792870 0.129028 0.795281 0.146204 0.804943 0.164231 0.806391 0.189991
0 0.446500 0.429278 0.458188 0.414435 0.469042 0.393657 0.490328 0.371389 0.507026 0.381037 0.513286 0.412944 0.529568 0.439667 0.529151 0.450796 0.494083 0.502000 0.482396 0.503481 0.443995 0.451537
