1 0.549208 0.605583 0.566318 0.584472 0.563500 0.564787 0.565312 0.545102 0.548401 0.522556 0.530484 0.547250 0.533708 0.565500 0.531089 0.582676
0 0.608792 0.580944 0.588062 0.550722 0.594349 0.542028 0.594349 0.529602 0.602969 0.523389 0.619734 0.521731 0.632547 0.549481
0 0.414474 0.521028 0.417500 0.518130 0.421927 0.497843 0.426120 0.492880 0.445219 0.501981 0.449177 0.515648 0.454531 0.523519 0.452901 0.530139 0.436365 0.552500 0.431245 0.554157 0.415406 0.529315
2 0.391203 0.280519 0.400427 0.289796 0.406688 0.299083 0.412776 0.300315 0.426521 0.284231 0.425302 0.273407 0.419740 0.266917 0.416781 0.249898 0.409646 0.243093 0.401120 0.248046 0.393469 0.263204
13 0.516937 0.412565 0.530161 0.410398 0.536599 0.402667 0.539557 0.384102 0.539385 0.375139 0.541469 0.372046 0.538339 0.365546 0.536771 0.351935 0.523203 0.333074 0.505630 0.351009 0.506849 0.366472 0.510677 0.371426 0.510156 0.381944 0.513115 0.389676 0.512068 0.403898
12 0.479630 0.532750 0.502271 0.560537 0.510083 0.558620 0.529219 0.531315 0.529755 0.518380 0.523286 0.509278 0.520323 0.489630 0.512510 0.477657 0.501458 0.474296 0.489063 0.487713 0.485292 0.507361 0.480443 0.521250
11 0.593703 0.358509 0.610682 0.380065 0.614995 0.407852 0.596401 0.435157 0.585083 0.433722 0.581578 0.428935 0.581578 0.405935 0.578885 0.389648 0.574302 0.381500 0.580771 0.373833
11 0.383661 0.351639 0.392974 0.371102 0.406948 0.379796 0.429776 0.354954 0.429307 0.341704 0.426516 0.336731 0.426281 0.320167 0.408349 0.299056 0.399031 0.312306 0.392276 0.319343 0.389714 0.332593
8 0.538578 0.424972 0.552068 0.429981 0.560724 0.421389 0.556896 0.397769 0.555286 0.374870 0.555286 0.356620 0.546833 0.356972 0.541802 0.364843 0.542000 0.369139 0.537974 0.373435 0.535760 0.409583
7 0.550964 0.494759 0.567135 0.468889 0.566057 0.463139 0.566328 0.454991 0.553927 0.437269 0.548000 0.433435 0.540453 0.436787 0.536146 0.453556 0.531292 0.457870 0.530214 0.471278 0.539375 0.484694
7 0.357901 0.314787 0.373740 0.337565 0.384682 0.339630 0.390740 0.327620 0.390505 0.318926 0.399359 0.313130 0.395865 0.286213 0.389807 0.279593 0.374901 0.282074 0.363490 0.299880
5 0.567406 0.351602 0.580891 0.364491 0.578474 0.375222 0.579281 0.379519 0.574651 0.381306 0.575859 0.389898 0.568812 0.393472 0.570828 0.405648 0.567000 0.409222 0.555932 0.394194 0.555729 0.375944 0.557141 0.366278 0.563578 0.354824
4 0.497052 0.473602 0.494344 0.459435 0.489083 0.447407 0.489833 0.435917 0.487125 0.422278 0.479609 0.418269 0.468182 0.422009 0.466224 0.443935 0.461417 0.468259 0.465474 0.486704 0.474948 0.492583 0.482167 0.491519
4 0.615432 0.492889 0.628339 0.494685 0.636573 0.480009 0.637198 0.459611 0.630755 0.450306 0.630552 0.437065 0.628740 0.423463 0.619057 0.418454 0.608391 0.423111 0.608589 0.448157 0.605187 0.460324 0.604182 0.476074
2 0.564625 0.516667 0.575604 0.524157 0.585526 0.538593 0.593047 0.539389 0.600266 0.527630 0.602219 0.513463 0.599359 0.505444 0.596807 0.502500 0.596052 0.486731 0.591391 0.479250 0.578307 0.478713 0.578161 0.481648 0.571391 0.491278
