14 0.838594 0.214435 0.828849 0.228130 0.829161 0.236796 0.818630 0.251046 0.816115 0.247139 0.804484 0.258870 0.805271 0.270889 0.802599 0.277037 0.813130 0.288491 0.805271 0.308056 0.816901 0.330130 0.839849 0.359750 0.843625 0.359472 0.859344 0.336278 0.854781 0.304704 0.874589 0.279546 0.874432 0.256352
4 0.782005 0.000000 0.785370 0.026435 0.767000 0.052306 0.747719 0.048750 0.729536 0.020944 0.731385 0.000000
11 0.149839 0.286907 0.156750 0.286907 0.183120 0.323120 0.181484 0.340907 0.188943 0.358046 0.186578 0.377120 0.161661 0.414944 0.144380 0.412037 0.120193 0.373241 0.120375 0.352222 0.124193 0.348019 0.126193 0.318917
13 0.498750 0.390130 0.524172 0.427796 0.534276 0.428370 0.562307 0.395343 0.563615 0.366954 0.555141 0.348991 0.552859 0.321176 0.531344 0.297417 0.507875 0.324074 0.505594 0.352463 0.498427 0.361157
1 0.433604 0.400852 0.461385 0.359167 0.458859 0.337361 0.460661 0.300796 0.433964 0.265528 0.404021 0.304648 0.409792 0.329019 0.405464 0.361083
1 0.881109 0.397352 0.909526 0.360500 0.905563 0.335241 0.908823 0.305426 0.881109 0.267750 0.860380 0.293009 0.854323 0.305426 0.856422 0.326963 0.854089 0.360500
1 0.825797 0.809398 0.853859 0.773361 0.850745 0.746204 0.852615 0.711278 0.824240 0.674694 0.796490 0.712944 0.800854 0.740657 0.797734 0.768935
1 0.727240 0.939769 0.756859 0.900972 0.752807 0.879907 0.754365 0.841657 0.725057 0.804519 0.697927 0.844981 0.702917 0.871037 0.698240 0.903741
1 0.586115 0.940935 0.616984 0.902685 0.611995 0.878296 0.615115 0.839491 0.588609 0.805685 0.559615 0.842824 0.563042 0.874417 0.559615 0.899361
0 0.132797 0.575046 0.165266 0.618019 0.170677 0.617370 0.189078 0.590435 0.188354 0.571194 0.195573 0.565426 0.191964 0.556444 0.189078 0.528222 0.178615 0.522454 0.144344 0.526944 0.143620 0.547463
0 0.496880 0.835056 0.530792 0.879306 0.563625 0.835056 0.562542 0.825435 0.549917 0.804269 0.549552 0.791435 0.527547 0.779898 0.518526 0.802981 0.504818 0.815167
0 0.892865 0.729185 0.876656 0.710898 0.876964 0.694815 0.890063 0.682074 0.892557 0.658231 0.904094 0.646037 0.916250 0.650472 0.928099 0.675972 0.934339 0.677639 0.939328 0.708676 0.936521 0.697593 0.920620 0.703130 0.912823 0.718102 0.894740 0.713111
0 0.921854 0.649981 0.948167 0.687944 0.953281 0.686870 0.981099 0.651852 0.981552 0.638759 0.976135 0.629130 0.974182 0.623519 0.946365 0.594917 0.937344 0.608546 0.933583 0.620843 0.922453 0.633139
0 0.959297 0.258639 0.977000 0.281417 0.983052 0.281000 1.000000 0.251278 1.000000 0.193296 0.995865 0.184935 0.966750 0.189907 0.959760 0.211435 0.950448 0.226343 0.953937 0.250361
0 0.329380 0.696426 0.345281 0.711944 0.351516 0.711389 0.381448 0.672593 0.380516 0.660398 0.368667 0.643769 0.368667 0.628796 0.358687 0.611620 0.345906 0.613833 0.325948 0.637667 0.323766 0.645426 0.316906 0.661509
1 0.490656 0.806500 0.517870 0.770083 0.515177 0.749481 0.516797 0.709722 0.486880 0.676185 0.460203 0.713074 0.464245 0.737509 0.461281 0.769611
2 0.178594 0.292389 0.209042 0.330722 0.217938 0.325926 0.238687 0.305324 0.238687 0.282815 0.228448 0.269880 0.222786 0.241611 0.213896 0.232509 0.200422 0.233463 0.190719 0.242565 0.185870 0.260769
3 0.866609 0.574093 0.894099 0.611944 0.925630 0.563074 0.921318 0.547269 0.913500 0.543435 0.919698 0.527620 0.915927 0.497444 0.907844 0.503667 0.899760 0.477315 0.890594 0.495528 0.872000 0.494083 0.873078 0.523787 0.878469 0.531935 0.877391 0.547741
3 0.772776 0.258102 0.794526 0.288407 0.804964 0.275417 0.805135 0.260880 0.823578 0.241704 0.814359 0.229639 0.821839 0.207065 0.819750 0.182324 0.811401 0.184481 0.802703 0.160046 0.792438 0.179843 0.778865 0.174583 0.774516 0.196546 0.779911 0.210157 0.781823 0.226861 0.779042 0.239537
3 0.494510 0.261509 0.513531 0.288120 0.547203 0.246546 0.535667 0.231028 0.543151 0.209963 0.538786 0.175593 0.531615 0.182796 0.522573 0.157296 0.511969 0.176704 0.496693 0.176148 0.495443 0.203306 0.501682 0.211620 0.501682 0.227148 0.495443 0.250426
4 0.486495 0.116630 0.510156 0.129000 0.521115 0.119407 0.525292 0.103944 0.532599 0.087556 0.527724 0.068991 0.521813 0.058481 0.521635 0.037444 0.518854 0.017343 0.515724 0.013630 0.504589 0.008065 0.499193 0.008370 0.488057 0.014870 0.485099 0.033731 0.486667 0.051361 0.483359 0.064667 0.480406 0.077037 0.478490 0.094667
4 0.845917 0.177981 0.862422 0.183528 0.873729 0.174750 0.879318 0.154880 0.880484 0.148880 0.876719 0.133167 0.869828 0.112370 0.872036 0.094352 0.869568 0.073093 0.864370 0.069861 0.852932 0.063620 0.841755 0.069398 0.838380 0.075176 0.835781 0.095963 0.838250 0.109833 0.832010 0.126000 0.829281 0.140556 0.829802 0.155111 0.834870 0.158120 0.836688 0.164352 0.841755 0.169667
4 0.853521 0.719787 0.868484 0.698139 0.864479 0.669370 0.856479 0.652981 0.857521 0.633806 0.854740 0.616787 0.849865 0.609676 0.840818 0.605657 0.837687 0.605037 0.826552 0.609981 0.823771 0.614315 0.821682 0.630398 0.822552 0.649574 0.818203 0.661944 0.816984 0.679574 0.815766 0.689787 0.826208 0.679269 0.850214 0.710509
4 0.467682 0.740213 0.453188 0.740213 0.435073 0.712657 0.441917 0.674009 0.443323 0.640370 0.448958 0.627843 0.465266 0.624981 0.478151 0.629630 0.480365 0.658620 0.481573 0.677231 0.484995 0.687250 0.462047 0.714444
5 0.591391 0.473620 0.600943 0.455407 0.605365 0.453333 0.608396 0.435528 0.609094 0.428491 0.600708 0.405713 0.592557 0.392056 0.567870 0.384602 0.565771 0.411509 0.570896 0.414000 0.570896 0.424352 0.566469 0.438009
5 0.705839 0.450111 0.710958 0.458250 0.722547 0.471185 0.734672 0.461602 0.750031 0.440046 0.750031 0.430463 0.742219 0.418056 0.747875 0.412259 0.747339 0.388306 0.744911 0.386389 0.733323 0.389741 0.727125 0.385426 0.720927 0.392620 0.713651 0.407944
6 0.913854 0.277037 0.917906 0.303639 0.921958 0.319157 0.938172 0.321380 0.953141 0.316389 0.958125 0.296435 0.956255 0.265944 0.948771 0.227694 0.947526 0.219935 0.936615 0.211065 0.926635 0.219380 0.920714 0.241556
6 0.341333 0.257130 0.345375 0.290185 0.359391 0.306954 0.374479 0.303120 0.382297 0.292102 0.385797 0.263361 0.381219 0.244676 0.382562 0.227907 0.378521 0.200120 0.366667 0.185750 0.357234 0.192454 0.347260 0.206352
7 0.461630 0.340028 0.474156 0.349620 0.476766 0.348694 0.507563 0.313435 0.503563 0.301370 0.489818 0.284361 0.494688 0.278787 0.493297 0.265491 0.487552 0.262083 0.485469 0.264565 0.470328 0.262398 0.462849 0.266111 0.457630 0.283120 0.458849 0.287454 0.456240 0.296111 0.460760 0.302296 0.457458 0.327037
7 0.386703 0.759454 0.398047 0.758685 0.418120 0.731528 0.421172 0.719120 0.414193 0.705935 0.405464 0.683435 0.383214 0.671028 0.377974 0.673352 0.375792 0.690417 0.366193 0.707481 0.364448 0.726102 0.373609 0.737741
7 0.776406 0.867056 0.758516 0.850759 0.755026 0.828269 0.759823 0.809648 0.767240 0.803444 0.776406 0.794907 0.787750 0.791028 0.790370 0.794130 0.802151 0.789481 0.808693 0.804213 0.804766 0.812750 0.812620 0.827491 0.811312 0.845333 0.801276 0.856963 0.795167 0.853093 0.790802 0.859296 0.785130 0.853861
7 0.873865 0.214056 0.884823 0.227907 0.895292 0.237435 0.904057 0.234407 0.905760 0.227907 0.914526 0.215787 0.924021 0.206269 0.923536 0.192852 0.915745 0.182028 0.911115 0.162556 0.907953 0.161250 0.903568 0.152593 0.886036 0.153028 0.883849 0.151296 0.879224 0.153898 0.878490 0.160824 0.880682 0.166444 0.868995 0.190685 0.867776 0.200213
8 0.644073 0.187361 0.662661 0.192870 0.675620 0.179843 0.677031 0.158815 0.671115 0.140278 0.672526 0.117241 0.669427 0.094204 0.664635 0.085694 0.654776 0.080685 0.647734 0.090204 0.642099 0.098213 0.640693 0.119750 0.639281 0.150796 0.638156 0.167824
8 0.289724 0.487306 0.286292 0.482611 0.277995 0.473222 0.270828 0.456463 0.276109 0.451769 0.277995 0.399481 0.283651 0.393444 0.285573 0.383389 0.292323 0.379361 0.306693 0.391435 0.310427 0.417583 0.307786 0.435009 0.312688 0.458472 0.311594 0.468537 0.303641 0.457806 0.296849 0.461833 0.291573 0.477917
9 0.613714 0.716769 0.649557 0.768824 0.667734 0.768824 0.677323 0.746389 0.692974 0.756259 0.694995 0.723046 0.685401 0.691639 0.683385 0.657528 0.671771 0.610852 0.664703 0.615343 0.663187 0.643167 0.648042 0.644963 0.639458 0.657528 0.639458 0.670991 0.625323 0.666500 0.617750 0.681759 0.624313 0.700611
10 0.616615 0.425889 0.657630 0.481750 0.662432 0.477093 0.700828 0.423565 0.696031 0.408056 0.695156 0.377796 0.689922 0.353750 0.658068 0.307204 0.629703 0.341343 0.621411 0.371593 0.615307 0.390981
11 0.206182 0.497037 0.215964 0.506889 0.229323 0.509213 0.233234 0.489509 0.240083 0.483130 0.245297 0.491824 0.255401 0.479657 0.260615 0.445472 0.252792 0.438519 0.252141 0.413602 0.228349 0.381731 0.218896 0.380574 0.197057 0.413019 0.194776 0.422870 0.196078 0.430407 0.189557 0.451259 0.189557 0.464009
11 0.751000 0.387815 0.779682 0.428954 0.792719 0.434167 0.812276 0.408093 0.816516 0.394769 0.817818 0.375065 0.811625 0.362315 0.812927 0.332769 0.786854 0.301472 0.775771 0.307269 0.755234 0.335083 0.755563 0.362315
12 0.324078 0.467398 0.338411 0.484824 0.355005 0.508963 0.367828 0.510306 0.369714 0.498907 0.378385 0.495556 0.385172 0.479463 0.393094 0.476778 0.401766 0.461361 0.405161 0.441917 0.395354 0.431861 0.386682 0.397000 0.371219 0.378222 0.355755 0.376880 0.341802 0.388954 0.331245 0.424481 0.322573 0.448620
12 0.743542 0.606093 0.765490 0.629130 0.780979 0.655167 0.787490 0.654667 0.822109 0.607593 0.823547 0.591065 0.812812 0.577546 0.807208 0.548500 0.793656 0.528963 0.773656 0.526963 0.759854 0.545991 0.750865 0.583556 0.745484 0.590565
12 0.418005 0.248509 0.405833 0.232935 0.393661 0.216917 0.382948 0.207824 0.381000 0.191815 0.386844 0.176657 0.395120 0.144630 0.408755 0.118657 0.424094 0.115194 0.442109 0.129917 0.448688 0.163241 0.455745 0.189213 0.455260 0.200472 0.450146 0.209556 0.440896 0.211287 0.432130 0.225139 0.429208 0.240722
3 0.391609 0.578574 0.414568 0.607519 0.446708 0.568935 0.444620 0.554833 0.439615 0.548898 0.447125 0.520694 0.439615 0.493981 0.434604 0.497694 0.423333 0.473944 0.414568 0.493241 0.399542 0.491009 0.396203 0.519213 0.399958 0.537019 0.400792 0.552602
