14 0.538438 0.142630 0.526750 0.173472 0.515432 0.182185 0.496578 0.162741 0.472818 0.121843 0.449057 0.105750 0.461505 0.064852 0.450943 0.044741 0.450568 0.018593 0.461880 0.000491 0.494557 0.000000 0.551734 0.000000 0.572380 0.020602 0.568984 0.045417 0.534292 0.085639
0 0.601594 0.785074 0.572313 0.744676 0.573323 0.726731 0.586953 0.706083 0.596042 0.674667 0.614719 0.652231 0.652083 0.662102 0.660667 0.694417 0.663693 0.716852 0.674802 0.728528 0.673286 0.760833 0.654604 0.768917 0.634411 0.765324 0.624313 0.768917 0.607651 0.777889
0 0.698391 0.712000 0.741245 0.657463 0.739297 0.631065 0.726880 0.613315 0.726151 0.597731 0.713245 0.562676 0.685974 0.571333 0.658464 0.596870 0.657490 0.609852 0.639229 0.637120 0.641906 0.654435 0.686219 0.712870
1 0.489615 0.911352 0.530510 0.844935 0.526974 0.806343 0.527984 0.746204 0.485578 0.694148 0.440135 0.753389 0.449224 0.793778 0.440135 0.854806
1 0.575443 0.244028 0.625422 0.179407 0.619870 0.140815 0.619870 0.079778 0.576958 0.029519 0.530510 0.091444 0.538083 0.136324 0.532026 0.183000
1 0.287135 0.995333 0.283047 0.968333 0.329198 0.904991 0.371255 0.965222 0.368917 0.999491 0.329062 1.000000 0.287661 1.000000
3 0.554880 0.533435 0.600516 0.581704 0.642750 0.524713 0.640865 0.485833 0.628042 0.484491 0.638604 0.452981 0.634453 0.410741 0.621635 0.412750 0.606547 0.374537 0.592594 0.407389 0.569589 0.397333 0.565443 0.433537 0.572604 0.452306 0.573740 0.491194
4 0.528745 0.769500 0.552130 0.737991 0.557031 0.704463 0.538177 0.656194 0.538177 0.619991 0.532896 0.592500 0.508005 0.575065 0.485755 0.587806 0.478589 0.637417 0.482734 0.648815 0.474437 0.674963 0.471802 0.704463 0.474818 0.715194 0.488016 0.699102 0.527240 0.751398
5 0.323557 0.361972 0.312474 0.356176 0.310844 0.340528 0.299437 0.333000 0.287375 0.312139 0.299760 0.286639 0.305630 0.258824 0.314427 0.243176 0.322578 0.228111 0.361036 0.224639 0.365276 0.251296 0.360063 0.269833 0.350609 0.269259 0.367557 0.304602 0.360714 0.319093
5 0.064938 0.308370 0.100719 0.359565 0.108135 0.357241 0.127771 0.333972 0.136500 0.299065 0.128208 0.284324 0.122536 0.261824 0.112937 0.241657 0.106391 0.226139 0.066245 0.225370 0.068427 0.272685 0.074099 0.269583 0.075411 0.282769 0.068427 0.298287
6 0.698036 0.000630 0.700677 0.014704 0.702563 0.078398 0.696906 0.106556 0.673901 0.123991 0.641094 0.105213 0.631667 0.063648 0.639964 0.027444 0.640630 0.000000 0.689109 0.000000
7 0.438026 0.997519 0.466057 0.957537 0.466385 0.934361 0.448458 0.915231 0.443896 0.883361 0.418797 0.853815 0.409995 0.861343 0.408365 0.891481 0.393375 0.901907 0.372188 0.944204 0.374792 0.969704 0.400042 1.000000 0.411495 1.000000
8 0.813583 0.386870 0.827109 0.386870 0.835401 0.353519 0.824927 0.303870 0.827547 0.268963 0.824490 0.234056 0.812708 0.216991 0.792635 0.216213 0.785219 0.228620 0.776057 0.248019 0.773438 0.341102 0.786526 0.354296 0.798745 0.341880 0.814453 0.352741
10 0.230109 0.367176 0.287161 0.293574 0.278578 0.255880 0.269995 0.177787 0.213958 0.097907 0.169021 0.154454 0.154380 0.201130 0.138224 0.278315 0.181141 0.342935 0.216479 0.382426
11 0.433172 0.307981 0.471135 0.247472 0.474188 0.196278 0.465026 0.179213 0.462844 0.142750 0.421391 0.090778 0.411792 0.090778 0.372521 0.143528 0.375573 0.183861 0.359432 0.214898 0.370776 0.231185
11 0.858396 0.353815 0.884792 0.398741 0.920656 0.426898 0.944000 0.408130 0.969646 0.371926 0.974927 0.328343 0.963990 0.302861 0.962896 0.258611 0.919526 0.209000 0.909307 0.211009 0.871219 0.270685 0.873854 0.305546 0.863333 0.327000
12 0.425521 0.664574 0.487443 0.564880 0.465828 0.537880 0.455896 0.481806 0.432531 0.451685 0.394562 0.460000 0.374703 0.502574 0.370026 0.548269 0.358344 0.558648 0.358927 0.584611 0.381125 0.612657
13 0.054974 0.165139 0.063083 0.187972 0.063083 0.228824 0.026589 0.276889 0.000000 0.280111 -0.000000 0.092130 0.012396 0.085833 0.011719 0.160333 0.017802 0.172352
9 0.150724 0.775278 0.206141 0.844324 0.224469 0.841222 0.243667 0.819500 0.272901 0.807083 0.273776 0.752009 0.256755 0.703139 0.255010 0.660472 0.235813 0.598417 0.224031 0.593759 0.222724 0.645731 0.200031 0.644963 0.183016 0.667454 0.186068 0.686074 0.155089 0.686852 0.159885 0.745028
