2 0.213469 0.904926 0.230063 0.880120 0.243635 0.884815 0.256083 0.901574 0.255708 0.923704 0.265510 0.938454 0.261740 0.947833 0.254198 0.963259 0.250427 0.992083 0.234208 0.990074 0.207057 0.952528 0.207057 0.927722 0.211203 0.923028
0 0.059266 0.775278 0.088063 0.810194 0.093740 0.805537 0.111625 0.783037 0.114245 0.742704 0.109448 0.736500 0.108573 0.722537 0.105521 0.704694 0.091557 0.695380 0.077156 0.709343 0.070609 0.724861 0.056214 0.748130 0.056214 0.771407
0 0.731484 0.982352 0.765010 0.937278 0.764443 0.921250 0.752052 0.906731 0.740500 0.871167 0.721344 0.863657 0.708385 0.896213 0.691766 0.922750 0.693453 0.936778 0.718526 0.973333
0 0.920708 0.071917 0.926063 0.079435 0.902115 0.111481 0.884651 0.118000 0.877042 0.116491 0.852818 0.086944 0.851688 0.070917 0.866620 0.054898 0.868875 0.034361 0.877042 0.021843 0.889437 0.018333 0.885495 0.043880 0.886620 0.054389 0.915635 0.056898
1 0.425771 0.601463 0.458365 0.553944 0.452823 0.527870 0.455760 0.490787 0.424141 0.450796 0.394479 0.491944 0.397417 0.527287 0.395130 0.561472
1 0.312729 0.877639 0.345536 0.836074 0.341766 0.805907 0.345161 0.770370 0.310464 0.722102 0.279542 0.769028 0.285953 0.801880 0.280672 0.834065
1 0.138547 0.072565 0.168979 0.110657 0.165328 0.140519 0.169714 0.180343 0.137573 0.216269 0.105677 0.177315 0.111036 0.143120 0.107380 0.108491
1 0.520297 0.262472 0.551911 0.219019 0.548000 0.190620 0.551260 0.151222 0.519969 0.108917 0.488354 0.155278 0.493568 0.184833 0.488677 0.218435
1 0.601781 0.342324 0.631115 0.387528 0.628833 0.415333 0.632422 0.453583 0.601130 0.494722 0.593307 0.480815 0.596568 0.411278 0.590375 0.385204 0.577990 0.386361 0.578312 0.374778
1 0.807927 0.493361 0.838437 0.533019 0.834229 0.565185 0.839911 0.603722 0.808557 0.640009 0.776995 0.597361 0.782042 0.568556 0.776573 0.532639
1 0.345688 0.218009 0.375828 0.259074 0.373010 0.292130 0.376391 0.313667 0.367943 0.313167 0.363151 0.326185 0.363995 0.342213 0.343432 0.366250 0.328500 0.340704 0.322021 0.319176 0.314979 0.307157 0.317234 0.294130 0.314135 0.259574
3 0.204161 0.526130 0.230922 0.564722 0.268281 0.512667 0.255656 0.494713 0.263229 0.464194 0.258182 0.434574 0.248083 0.439065 0.240005 0.406750 0.228396 0.438167 0.210724 0.430991 0.208198 0.455222 0.212745 0.469583 0.214917 0.493370
3 0.539229 0.716546 0.567214 0.754333 0.601516 0.706824 0.598146 0.697093 0.588677 0.686620 0.597938 0.659306 0.592885 0.627139 0.584260 0.630500 0.573109 0.602444 0.563005 0.628630 0.548068 0.622648 0.542594 0.651083 0.550172 0.664176 0.548906 0.692231
3 0.730271 0.323333 0.763234 0.280259 0.748583 0.257222 0.760135 0.233685 0.752812 0.202130 0.745203 0.205639 0.732807 0.176093 0.722385 0.205139 0.707172 0.198130 0.702948 0.223667 0.708021 0.238694 0.709427 0.261231 0.716469 0.271241 0.718443 0.289278 0.711682 0.303296 0.724078 0.322324
4 0.307130 0.671630 0.325380 0.675685 0.343958 0.650194 0.343307 0.619481 0.335161 0.597463 0.333854 0.573120 0.331901 0.552259 0.319188 0.539519 0.299307 0.541250 0.291156 0.560954 0.294089 0.585870 0.286594 0.612528 0.285292 0.630491 0.289854 0.651926
4 0.395776 0.541481 0.385911 0.547491 0.365911 0.541481 0.349292 0.514944 0.354083 0.473370 0.358307 0.466861 0.358026 0.440324 0.359432 0.422787 0.365349 0.417787 0.382531 0.410769 0.396620 0.421787 0.400000 0.448333 0.395208 0.463861 0.405068 0.478380 0.394083 0.493407 0.400281 0.528463
4 0.655620 0.225722 0.632240 0.221213 0.618719 0.194667 0.622661 0.156611 0.629984 0.145093 0.628016 0.121056 0.633083 0.100019 0.646323 0.093009 0.665760 0.098519 0.671396 0.131065 0.668016 0.146093 0.679286 0.168130 0.680693 0.193167
4 0.640464 0.646556 0.657651 0.652065 0.677089 0.626519 0.678495 0.595472 0.668917 0.571435 0.670047 0.549898 0.667792 0.527361 0.646943 0.513843 0.629760 0.527861 0.628068 0.551398 0.628635 0.570435 0.619057 0.594472 0.621307 0.624519
4 0.318865 0.152639 0.327141 0.166491 0.331526 0.198083 0.311073 0.228815 0.283563 0.222324 0.266276 0.189861 0.278448 0.147444 0.277229 0.125806 0.280880 0.101565 0.297682 0.091611 0.313995 0.100694 0.319354 0.129269
5 0.748724 0.378361 0.758531 0.395787 0.777010 0.417241 0.791719 0.400481 0.795109 0.352213 0.792094 0.336120 0.785307 0.325389 0.786062 0.290528 0.770974 0.287843 0.766073 0.294556 0.767958 0.322713 0.758906 0.335444
5 0.157276 0.374130 0.165573 0.353352 0.179151 0.353352 0.198380 0.416370 0.169344 0.450565 0.143323 0.421065 0.146339 0.407657 0.154635 0.400278 0.155766 0.378824
6 0.160104 0.665713 0.175568 0.651630 0.181979 0.624148 0.174432 0.576546 0.171417 0.552407 0.153693 0.533630 0.143135 0.534306 0.132953 0.572519 0.130687 0.612074 0.127672 0.630176 0.138229 0.658333
6 0.783120 0.166574 0.784250 0.193620 0.792135 0.216657 0.820307 0.216157 0.832984 0.196120 0.832703 0.158565 0.826224 0.146046 0.824531 0.108481 0.815802 0.087944 0.801432 0.087944 0.790167 0.107981
7 0.689818 0.498843 0.694719 0.524981 0.723005 0.551130 0.749781 0.528333 0.764115 0.500176 0.749781 0.480731 0.746427 0.453250 0.723380 0.433130 0.701547 0.462630
7 0.399891 0.781991 0.427651 0.741306 0.424484 0.722259 0.416448 0.710574 0.417182 0.681574 0.404276 0.671185 0.393078 0.683741 0.373844 0.676815 0.369703 0.691093 0.373599 0.702352 0.362156 0.723556 0.360938 0.741306 0.380172 0.765111
7 0.222781 0.344704 0.255594 0.293074 0.247672 0.272296 0.247672 0.246815 0.234474 0.230722 0.219010 0.234750 0.205813 0.224694 0.200156 0.253519 0.183562 0.280343 0.187708 0.300454
8 0.078130 0.422620 0.093281 0.429352 0.111172 0.417380 0.112224 0.390815 0.105068 0.367250 0.109068 0.347796 0.105490 0.319370 0.101281 0.296176 0.084234 0.300287 0.072870 0.319741 0.067609 0.399046 0.065297 0.404657
8 0.460526 0.935019 0.477151 0.942130 0.495250 0.928287 0.493984 0.899481 0.488094 0.881148 0.490620 0.844491 0.487042 0.827278 0.487042 0.806333 0.473573 0.808574 0.457578 0.832148 0.452318 0.851972 0.452109 0.894241 0.451266 0.911454
8 0.838042 0.421120 0.860766 0.431593 0.877391 0.417750 0.877391 0.386333 0.870443 0.368370 0.874656 0.341065 0.872339 0.324981 0.864552 0.297667 0.850875 0.303278 0.837620 0.319741 0.834672 0.366130 0.830672 0.395306
9 0.433349 0.396676 0.468651 0.446019 0.477656 0.445583 0.508823 0.409657 0.510526 0.378065 0.501031 0.357287 0.501276 0.326556 0.486667 0.276343 0.480339 0.276343 0.481068 0.301019 0.476687 0.291491 0.466458 0.297120 0.452583 0.315731 0.453313 0.337806 0.434078 0.341704
11 0.443635 0.621796 0.481443 0.661204 0.494156 0.660046 0.526422 0.616000 0.529031 0.593407 0.523161 0.583556 0.520557 0.549944 0.489266 0.515759 0.482745 0.516917 0.457974 0.554583 0.455370 0.581815
11 0.250620 0.046083 0.258828 0.066287 0.255880 0.097713 0.227474 0.130259 0.208958 0.129139 0.193385 0.109685 0.192333 0.096593 0.183495 0.071898 0.185599 0.053565 0.186229 0.023269 0.204875 0.000000 0.231370 0.000000 0.248729 0.022148
11 0.744818 0.000000 0.760906 0.018861 0.768828 0.088593 0.760151 0.108037 0.736391 0.132843 0.716026 0.131500 0.685859 0.079870 0.693021 0.051046 0.696417 0.020870 0.716344 0.000000
11 0.434224 0.173287 0.441271 0.186806 0.464370 0.214852 0.481552 0.217361 0.493667 0.196324 0.489443 0.156259 0.505219 0.131222 0.504938 0.105676 0.484370 0.079630 0.474792 0.083139 0.464089 0.080639 0.440708 0.106176 0.441833 0.128713 0.433943 0.150250
12 0.187406 0.740704 0.220328 0.787056 0.237276 0.796907 0.245750 0.773148 0.257812 0.749972 0.279000 0.749972 0.280302 0.713472 0.266937 0.694926 0.260422 0.661898 0.245099 0.640454 0.223260 0.641611 0.204682 0.664796 0.196536 0.705352 0.190016 0.712889
12 0.732781 0.779870 0.750380 0.755537 0.749078 0.716130 0.758854 0.689481 0.755271 0.670935 0.749078 0.669778 0.748099 0.618204 0.719417 0.623417 0.701813 0.639648 0.693990 0.669778 0.681932 0.702222 0.685193 0.723083 0.693016 0.728880 0.701490 0.721352 0.710615 0.732935 0.719740 0.760176 0.720719 0.766546
12 0.631307 0.438806 0.642036 0.450130 0.654766 0.447861 0.695870 0.387722 0.692776 0.378991 0.681682 0.362500 0.677682 0.337935 0.671318 0.317241 0.661130 0.306565 0.644219 0.302361 0.628578 0.312389 0.616755 0.344398 0.615302 0.369296 0.630214 0.386102 0.627484 0.410676
12 0.306047 0.451611 0.342245 0.402981 0.342245 0.378287 0.330458 0.358833 0.327724 0.339759 0.319937 0.316935 0.306682 0.304213 0.290057 0.303843 0.271958 0.321046 0.262703 0.360333 0.252812 0.382778 0.258703 0.400361 0.275536 0.412333 0.279958 0.414574 0.285005 0.426917
14 0.653839 0.877907 0.690042 0.834333 0.690042 0.763935 0.650823 0.707620 0.605193 0.763259 0.609339 0.825611
3 0.406401 0.000259 0.406823 0.021954 0.390620 0.047019 0.385573 0.043657 0.373995 0.051509 0.376104 0.034306 0.369786 0.023454 0.368526 0.009991 0.360109 0.009611 0.358005 0.005500 0.352531 0.005120 0.353719 0.000000 0.397286 0.000000
7 0.603146 0.072907 0.603146 0.086324 0.584641 0.104074 0.580016 0.097148 0.570031 0.098444 0.568328 0.106241 0.564677 0.101907 0.556156 0.107102 0.539109 0.087194 0.538625 0.081130 0.549583 0.060787 0.541302 0.055167 0.541547 0.046935 0.560536 0.035685 0.562484 0.056028 0.570521 0.074639 0.578797 0.082861 0.580260 0.084167 0.591703 0.068583 0.599979 0.069444
2 0.910922 0.691880 0.920417 0.706593 0.919932 0.730398 0.905323 0.756806 0.888521 0.756806 0.876594 0.729537 0.863203 0.722176 0.860766 0.712222 0.865151 0.695343 0.861495 0.690148 0.866609 0.674130 0.872938 0.662444 0.891203 0.648157 0.902156 0.650324 0.908974 0.661574
