4 0.588536 0.280065 0.602656 0.280935 0.617026 0.287426 0.643563 0.256259 0.654031 0.229861 0.645510 0.193500 0.632849 0.169259 0.635286 0.137667 0.629682 0.101741 0.623109 0.091352 0.601682 0.084426 0.582448 0.090481 0.575635 0.103037 0.575391 0.114287 0.571495 0.139398 0.576609 0.163204 0.569057 0.183972 0.563948 0.198259 0.571250 0.216870 0.578797 0.255833 0.578557 0.269676
0 0.390865 0.716046 0.412573 0.738491 0.431250 0.768102 0.443370 0.758231 0.478203 0.707972 0.475177 0.682843 0.467099 0.668481 0.468109 0.646037 0.442359 0.606546 0.415094 0.649630 0.401969 0.665787 0.385307 0.693611
5 0.658823 0.774083 0.676750 0.793204 0.695651 0.824491 0.703802 0.827972 0.708365 0.808843 0.712927 0.795519 0.736396 0.783352 0.737375 0.756120 0.725312 0.710917 0.713906 0.694694 0.708042 0.676731 0.681964 0.646019 0.671531 0.661083 0.670880 0.684259 0.683922 0.694694 0.674469 0.712657
7 0.697510 0.878204 0.739234 0.928037 0.757812 0.925722 0.794641 0.880528 0.798880 0.860241 0.792359 0.847500 0.792036 0.830111 0.782255 0.820259 0.770198 0.811574 0.762047 0.795926 0.744776 0.792444 0.734995 0.804037 0.718698 0.790130 0.712505 0.795926 0.708266 0.815630 0.718370 0.817944 0.716089 0.831269 0.701422 0.845759
12 0.678151 0.878898 0.702594 0.896870 0.722479 0.938583 0.724760 0.974509 0.736495 0.989000 0.736255 1.000000 0.613760 1.000000 0.614266 0.991898 0.626000 0.977407 0.628609 0.947278 0.634802 0.925259 0.649469 0.896870
1 0.460938 0.279602 0.423224 0.225963 0.413797 0.203167 0.420589 0.153556 0.450755 0.096565 0.457167 0.087185 0.436047 0.101259 0.442917 0.073056 0.457083 0.051852 0.472760 0.074074 0.486958 0.094556 0.502047 0.108639 0.502047 0.152889 0.493370 0.154898 0.501292 0.189759 0.493750 0.211213 0.484323 0.236694
14 0.830958 0.520102 0.807854 0.550648 0.800812 0.561667 0.792078 0.553657 0.750385 0.497065 0.736583 0.483037 0.742219 0.434963 0.735177 0.414426 0.734896 0.388889 0.753766 0.363343 0.759120 0.373361 0.778557 0.347315 0.778839 0.338306 0.794052 0.310259 0.801937 0.311759 0.816870 0.333796 0.816589 0.346815 0.834620 0.371361 0.838562 0.366852 0.856026 0.384380 0.857719 0.402907 0.855182 0.422944 0.848984 0.431454 0.855464 0.472019 0.854620 0.487046 0.837719 0.500065
13 0.937828 0.339250 0.917948 0.357796 0.900021 0.386194 0.899370 0.419796 0.889266 0.432546 0.881766 0.471370 0.886984 0.486435 0.901651 0.511935 0.907516 0.498602 0.913057 0.507880 0.918276 0.524685 0.929354 0.546704 0.959344 0.543222 0.992917 0.495130 0.994870 0.436028 0.981182 0.422120 0.978250 0.382130 0.954453 0.347370
12 0.464484 0.311185 0.526990 0.395296 0.536922 0.394259 0.602927 0.309102 0.597089 0.288333 0.577813 0.266528 0.575474 0.235370 0.568932 0.210861 0.558182 0.190509 0.540427 0.177528 0.521208 0.176694 0.500526 0.194352 0.488552 0.222907 0.479323 0.268398 0.462266 0.299130
11 0.481672 0.868824 0.504161 0.894898 0.524698 0.912278 0.546859 0.911704 0.575219 0.869398 0.573589 0.839852 0.581734 0.800444 0.577823 0.788278 0.577500 0.748296 0.559896 0.727435 0.554682 0.741917 0.548818 0.733806 0.551422 0.721056 0.539687 0.704833 0.537734 0.693824 0.522089 0.692667 0.520786 0.704250 0.510354 0.715269 0.514594 0.734963 0.508401 0.743074 0.503833 0.733806 0.487865 0.745972 0.482651 0.754083 0.483302 0.772056 0.486563 0.790019 0.472219 0.813194 0.470589 0.828259 0.479063 0.832898
11 0.612135 0.000000 0.602760 0.016667 0.604714 0.045639 0.591677 0.073454 0.594286 0.093741 0.600151 0.086787 0.614495 0.088528 0.628182 0.097213 0.630792 0.117500 0.631771 0.162694 0.648068 0.171963 0.659146 0.164435 0.700219 0.116333 0.697609 0.079250 0.702823 0.065343 0.698589 0.049120 0.698911 0.011454 0.693047 0.001028 0.621547 0.000000
10 0.872964 0.088398 0.902750 0.137759 0.903760 0.152120 0.909313 0.158407 0.919411 0.167380 0.944146 0.280472 0.938089 0.306500 0.871953 0.387278 0.863875 0.382787 0.859323 0.337870 0.849219 0.337037 0.846203 0.363046 0.788651 0.286750 0.788651 0.264315 0.800260 0.250852 0.797734 0.226620 0.806823 0.203278 0.810359 0.174556
9 0.809958 0.670796 0.828724 0.711130 0.867557 0.749139 0.889375 0.735176 0.903776 0.711130 0.925156 0.713454 0.925594 0.664583 0.911630 0.604074 0.911193 0.558315 0.891557 0.485389 0.882396 0.493926 0.876286 0.538917 0.854031 0.545898 0.832214 0.574602 0.838323 0.587009 0.807344 0.587009 0.803849 0.609509 0.811703 0.632778
8 0.731448 0.604667 0.723370 0.545426 0.725391 0.477213 0.721854 0.459259 0.705193 0.424259 0.689542 0.434130 0.676417 0.464648 0.665812 0.496056 0.668339 0.574148 0.682979 0.599278 0.699641 0.618130
7 1.000000 0.929852 0.986760 0.931278 0.950406 0.892685 0.947885 0.852296 0.942833 0.839731 0.948896 0.824472 0.977167 0.793954 0.999885 0.791259 1.000000 0.795731
7 0.578854 0.451287 0.595193 0.481833 0.625057 0.506380 0.642802 0.502870 0.673510 0.457296 0.676328 0.437769 0.662240 0.415731 0.660271 0.394694 0.640552 0.380676 0.627026 0.372657 0.619984 0.352130 0.613224 0.351120 0.606745 0.363148 0.605339 0.375167 0.592661 0.411722 0.582234 0.424241
6 0.405812 0.484694 0.434615 0.498657 0.462974 0.486241 0.473010 0.449787 0.467339 0.393935 0.460792 0.379194 0.460359 0.326444 0.440724 0.300843 0.431557 0.300843 0.410177 0.324120 0.409740 0.373769 0.398396 0.414102
2 0.483682 0.994574 0.505990 0.938102 0.536401 0.917676 0.559380 0.939306 0.560734 0.996981
2 0.510833 0.143231 0.520260 0.164685 0.531573 0.174074 0.552318 0.164685 0.573438 0.127139 0.571172 0.100991 0.558729 0.088926 0.553448 0.093620 0.543641 0.050037 0.528557 0.041324 0.511964 0.045343 0.503667 0.072167 0.503667 0.086917 0.495750 0.103000 0.501781 0.109713 0.501406 0.144574
3 0.585740 0.710574 0.604422 0.728528 0.620578 0.759037 0.662479 0.715954 0.673589 0.691722 0.666521 0.669287 0.655411 0.655824 0.670057 0.614537 0.664500 0.572352 0.651880 0.579528 0.635724 0.535556 0.617042 0.575944 0.593313 0.561583 0.587240 0.601111 0.597859 0.648639
3 0.664099 0.366222 0.680693 0.376278 0.692005 0.401759 0.701432 0.399074 0.748573 0.338065 0.726703 0.301185 0.743297 0.264315 0.736130 0.217380 0.724063 0.228111 0.707089 0.177824 0.690875 0.219398 0.665984 0.209333 0.660703 0.246880 0.669755 0.263648 0.672016 0.299176 0.662214 0.340074
4 0.621823 0.997315 0.579958 0.986593 0.561479 0.947037 0.563745 0.900769 0.575432 0.867250 0.572797 0.841769 0.576187 0.806907 0.584484 0.800204 0.605229 0.788806 0.627099 0.799537 0.635396 0.845130 0.631250 0.869259 0.644448 0.902787 0.633891 0.926917 0.625969 0.961111
4 0.834677 1.000000 0.824365 0.970843 0.831917 0.920204 0.841167 0.905481 0.838245 0.873454 0.842385 0.840556 0.847495 0.830602 0.870385 0.822380 0.894245 0.837528 0.900573 0.881676 0.896677 0.900722 0.910802 0.935352 0.916885 0.965213 0.916401 0.985130 0.901547 0.998981 0.870177 1.000000
