8 0.887302 0.998593 0.893865 0.958204 0.896385 0.852296 0.906484 0.823574 0.923146 0.796648 0.949906 0.797546 0.969594 0.823574 0.981203 0.881019 0.972120 0.936667 0.983193 1.000000 0.917490 1.000000
3 0.378786 0.678565 0.411906 0.702602 0.442995 0.755463 0.522073 0.640120 0.487604 0.594454 0.507880 0.534380 0.498417 0.474306 0.481521 0.482713 0.456516 0.415426 0.430828 0.471898 0.395010 0.462287 0.386224 0.525972 0.400417 0.545194 0.402443 0.608880
3 0.881396 0.675750 0.910172 0.698185 0.933901 0.746657 1.000000 0.666611 1.000000 0.625602 0.999026 0.615611 0.981359 0.592278 0.986406 0.565352 1.000000 0.548509 1.000000 0.514093 0.996505 0.479185 0.976307 0.488157 0.951063 0.420843 0.926328 0.472009 0.890984 0.462130 0.882906 0.515083 0.896536 0.550093 0.899568 0.609333
4 0.352911 0.406722 0.369271 0.453454 0.374526 0.507454 0.335391 0.562491 0.305010 0.569769 0.272885 0.554185 0.264708 0.514722 0.256526 0.459685 0.246016 0.446185 0.255359 0.401528 0.261203 0.395296 0.258281 0.356870 0.264708 0.294565 0.270547 0.288333 0.304427 0.276907 0.338307 0.291454 0.348823 0.339222
6 0.004411 0.777565 0.006161 0.742259 0.020766 0.711102 0.021932 0.635296 0.030109 0.618676 0.055813 0.597907 0.089693 0.628028 0.094370 0.658139 0.092615 0.718370 0.105469 0.764065 0.106635 0.834685 0.096120 0.848185 0.095536 0.830528 0.009667 0.829491
7 0.283490 0.844500 0.329448 0.909389 0.353781 0.899778 0.411229 0.816870 0.406500 0.778417 0.406500 0.741167 0.368651 0.726750 0.356484 0.699111 0.328771 0.699111 0.314578 0.725546 0.283490 0.711130 0.274703 0.726750 0.286870 0.770009 0.271323 0.782019 0.267943 0.818065
8 0.393318 0.991935 0.398052 0.945074 0.400078 0.857361 0.412922 0.828519 0.427115 0.791278 0.452120 0.780463 0.473073 0.811704 0.485917 0.869380 0.477802 0.922241 0.490667 1.000000 0.397479 1.000000
8 0.667885 0.110565 0.678990 0.088130 0.699693 0.087231 0.724932 0.118639 0.729984 0.182370 0.724427 0.219167 0.732505 0.307130 0.732000 0.329565 0.722411 0.339435 0.693125 0.302639 0.672427 0.317898 0.647182 0.313407 0.661323 0.273019 0.650214 0.211991 0.650214 0.137491
9 0.758547 1.000000 0.752703 0.961889 0.725943 0.875722 0.702719 0.873926 0.704234 0.943935 0.670911 0.955602 0.646172 0.993296 0.646172 1.000000
10 0.576349 0.589185 0.699604 0.723148 0.805339 0.579833 0.786646 0.526870 0.786646 0.480139 0.773208 0.409528 0.694932 0.296333 0.637687 0.334750 0.608479 0.415759 0.590370 0.478065
11 0.381370 0.404065 0.343505 0.384315 0.348552 0.331361 0.340979 0.296352 0.320786 0.282889 0.287969 0.272120 0.302104 0.232630 0.303620 0.175185 0.310182 0.165315 0.331391 0.144667 0.344516 0.141083 0.349057 0.119537 0.363193 0.089019 0.379854 0.081843 0.409641 0.137491 0.438422 0.159926 0.445995 0.193139 0.440443 0.223657 0.453062 0.248787 0.443469 0.266741 0.442964 0.306231 0.450031 0.333157 0.429839 0.343028
12 0.972875 0.328222 0.971359 0.377583 1.000000 0.410380 1.000000 0.076991 0.989031 0.089472 0.987010 0.155889 0.981458 0.164861 0.945615 0.165759 0.938193 0.210824 0.925469 0.245019 0.950865 0.250222 0.957073 0.310537
13 0.777594 0.956324 0.820505 0.950037 0.873010 0.886315 0.878568 0.795657 0.855344 0.765148 0.853828 0.718472 0.833630 0.678981 0.793750 0.645769 0.764969 0.678981 0.737203 0.714880 0.736698 0.766037 0.717510 0.790278 0.711453 0.862074 0.736193 0.897083
14 0.595958 0.986630 0.552167 0.931028 0.497427 0.857343 0.505245 0.793389 0.491172 0.743343 0.502120 0.707194 0.579536 0.598759 0.617854 0.644630 0.629583 0.682167 0.655391 0.693296 0.675724 0.721102 0.673380 0.782269 0.662432 0.798954 0.676505 0.861509
0 0.212656 0.069611 0.239016 0.067213 0.261318 0.039574 0.286328 0.019148 0.307281 0.044380 0.318771 0.104463 0.334318 0.139306 0.332286 0.153722 0.327557 0.147713 0.301875 0.166944 0.278219 0.236630 0.259292 0.242639 0.239016 0.189769 0.202521 0.171750 0.195760 0.135704 0.208604 0.108065
1 0.092146 0.552889 0.129323 0.500019 0.140135 0.459167 0.146896 0.447148 0.143516 0.381065 0.157031 0.375056 0.157708 0.318583 0.132698 0.286139 0.127969 0.294546 0.114453 0.275324 0.114453 0.256102 0.090797 0.221250 0.063083 0.254898 0.066464 0.271722 0.053625 0.292148 0.047542 0.287343 0.018479 0.307769 0.023208 0.342611 0.039427 0.337806 0.051594 0.326991 0.092146 0.352222 0.049568 0.396685 0.054974 0.405093 0.055651 0.510833
1 0.555177 0.229398 0.618885 0.143296 0.606667 0.053306 0.616703 0.047880 0.614599 0.000000 0.475979 0.000000 0.481432 0.047102 0.492344 0.050204 0.480562 0.127000 0.495396 0.181306
1 0.835146 0.225630 0.895224 0.141259 0.890682 0.063176 0.900276 0.036250 0.898422 0.000000 0.762255 0.000000 0.759417 0.042528 0.777089 0.052407 0.765474 0.146648
2 0.154130 0.296963 0.164161 0.249648 0.177255 0.227148 0.197328 0.220167 0.218708 0.238787 0.229182 0.286880 0.244016 0.291537 0.254490 0.308602 0.255359 0.339630 0.238781 0.376870 0.208234 0.409444 0.186854 0.407898 0.178125 0.385398 0.183365 0.369111 0.168089 0.356694 0.156307 0.362130 0.158057 0.317139
