1 0.418057 0.457065 0.458036 0.407454 0.452000 0.364546 0.455016 0.318954 0.416552 0.272694 0.379969 0.324324 0.385625 0.357176 0.379969 0.404778
0 0.119969 0.552935 0.163307 0.607472 0.173292 0.604444 0.210297 0.552935 0.209812 0.536481 0.196906 0.517870 0.190823 0.493630 0.173047 0.473287 0.157708 0.461167 0.146995 0.469398 0.139693 0.493204 0.138719 0.517870 0.125568 0.535185
9 0.376880 0.818463 0.388286 0.839324 0.388937 0.848019 0.378510 0.849759 0.372969 0.853815 0.365797 0.846861 0.342328 0.853815 0.344286 0.893796 0.338745 0.897852 0.338745 0.862500 0.333854 0.853815 0.323099 0.854389 0.319516 0.848019 0.305823 0.846861 0.305500 0.853231 0.290177 0.852657 0.288224 0.841648 0.298328 0.834694 0.298979 0.819046
9 0.321469 0.757620 0.330594 0.738500 0.345266 0.720537 0.350479 0.729806 0.350151 0.709528 0.357974 0.707213 0.368729 0.735602 0.371010 0.757046
4 0.144740 0.979843 0.134964 0.978102 0.114427 0.953185 0.112146 0.926537 0.120948 0.885972 0.124859 0.879602 0.121276 0.856417 0.125188 0.830343 0.131703 0.823972 0.152563 0.821648 0.167557 0.830343 0.171797 0.855259 0.149630 0.853519 0.146047 0.861056 0.147026 0.967676
0 0.010786 0.994120 0.018641 0.979380 0.018641 0.946019 0.059656 0.933611 0.080167 0.959981 0.090786 1.000000 0.078448 1.000000
14 0.444042 0.844861 0.496615 0.788778 0.549771 0.855241 0.544516 0.888472 0.536922 0.886398 0.534000 0.854204 0.452802 0.852130
12 0.729339 0.549120 0.756115 0.576611 0.776484 0.608787 0.794964 0.613481 0.816078 0.578620 0.837578 0.559852 0.842104 0.530352 0.833052 0.516269 0.830036 0.494815 0.825885 0.484759 0.815328 0.448556 0.802505 0.434472 0.783271 0.428444 0.762526 0.443194 0.751969 0.468000 0.744047 0.500852 0.737635 0.521630
12 0.353958 0.000000 0.340708 0.018167 0.345948 0.037565 0.370380 0.058509 0.393073 0.097296 0.408781 0.098065 0.428417 0.058509 0.448490 0.046093 0.455036 0.024370 0.449630 0.000000
11 0.294510 0.320833 0.306578 0.343630 0.332224 0.375806 0.353719 0.375806 0.380875 0.340278 0.384271 0.320833 0.390302 0.303398 0.379365 0.271222 0.380120 0.237028 0.362771 0.229648 0.346557 0.198139 0.336750 0.196130 0.324307 0.226972 0.302807 0.243065 0.300167 0.277926 0.292625 0.298037
8 0.673844 0.671713 0.681417 0.706713 0.712719 0.723769 0.734427 0.706713 0.745026 0.676194 0.737958 0.645676 0.730385 0.634009 0.730385 0.592722 0.722307 0.551435 0.704641 0.548750 0.696563 0.574778 0.687979 0.584648 0.684948 0.637602
8 0.186255 0.704556 0.203193 0.735713 0.231818 0.748176 0.259276 0.712870 0.258104 0.680676 0.245839 0.655750 0.245839 0.621481 0.241750 0.611093 0.243500 0.592407 0.231234 0.569556 0.218385 0.572676 0.210792 0.597593 0.200276 0.610056 0.198521 0.667176
7 0.851505 0.909917 0.883313 0.942231 0.907547 0.916204 0.933797 0.882093 0.928245 0.849778 0.917135 0.848889 0.895427 0.812981 0.859078 0.812083 0.858068 0.839009 0.839385 0.851574 0.835854 0.874019 0.843932 0.894657
7 0.334521 0.563463 0.333005 0.538333 0.353198 0.531157 0.375917 0.484481 0.390052 0.497046 0.402677 0.518593 0.411766 0.516796 0.426911 0.553593 0.417823 0.590389 0.384500 0.633472 0.369859 0.619111
6 0.054568 0.628713 0.065172 0.678981 0.091422 0.692444 0.120203 0.667315 0.118182 0.610769 0.112125 0.591019 0.109094 0.545241 0.094958 0.531778 0.073755 0.542556
5 0.723740 0.905370 0.713703 0.879778 0.717193 0.861157 0.689703 0.824694 0.676177 0.839435 0.663083 0.877444 0.661339 0.905370 0.669630 0.914685 0.688828 0.946491 0.698427 0.951917
4 0.798781 0.802352 0.769776 0.795407 0.749891 0.760639 0.759344 0.709065 0.764234 0.702111 0.759995 0.676611 0.766516 0.643009 0.787047 0.635472 0.808563 0.647639 0.815406 0.684148 0.810193 0.706750 0.823880 0.731083 0.826490 0.759472
4 0.270224 0.488917 0.300396 0.491593 0.315104 0.470139 0.323776 0.448019 0.316234 0.411139 0.306427 0.393037 0.308693 0.366889 0.303792 0.337389 0.282292 0.325324 0.260422 0.338731 0.258911 0.375611 0.247974 0.433935 0.247974 0.460083
3 0.829406 0.945796 0.841802 0.913741 0.836167 0.873676 0.826307 0.882185 0.812786 0.848630 0.798135 0.876676 0.779542 0.868667 0.774755 0.904222 0.783771 0.916241 0.783490 0.942287 0.774474 0.983852 0.783557 1.000000 0.823708 1.000000 0.827151 0.999880 0.845745 0.970833
3 0.459021 0.527296 0.479719 0.538065 0.493349 0.562296 0.539292 0.504852 0.518089 0.476130 0.533234 0.445620 0.527682 0.410611 0.516068 0.417796 0.503448 0.375611 0.487797 0.411509 0.471641 0.405231 0.465583 0.436639 0.471641 0.449204 0.473156 0.481519
2 0.074760 0.818176 0.076719 0.823972 0.092036 0.840778 0.090083 0.875546 0.072156 0.900463 0.052599 0.898722 0.037604 0.875546 0.014786 0.855259 0.012505 0.831500 0.019349 0.818176
2 0.611240 0.566519 0.652130 0.616778 0.665260 0.617676 0.686969 0.596139 0.689490 0.568315 0.688484 0.544972 0.675354 0.536000 0.674344 0.491120 0.665766 0.476759 0.647589 0.477657 0.631937 0.500102 0.618307 0.534204
0 0.742427 0.503130 0.705922 0.451556 0.703964 0.433593 0.709505 0.422583 0.724500 0.406935 0.737214 0.367528 0.744380 0.355944 0.763938 0.358843 0.775021 0.384333 0.774370 0.401139 0.771760 0.403454 0.790339 0.428954 0.783172 0.427796 0.763615 0.442861 0.754812 0.463722
0 0.468896 0.243463 0.511510 0.302463 0.522448 0.297102 0.565443 0.240111 0.559031 0.219324 0.542057 0.202565 0.531500 0.153620 0.517167 0.146917 0.503969 0.150944 0.492656 0.179769 0.496427 0.199880 0.474552 0.220667
2 0.554922 0.334444 0.564724 0.349194 0.575286 0.351204 0.589990 0.379361 0.612995 0.388750 0.630724 0.361259 0.632609 0.318352 0.619406 0.307630 0.612620 0.258685 0.600177 0.247954 0.578302 0.249296 0.573021 0.276111 0.563969 0.292880
1 0.594755 0.842380 0.632281 0.789630 0.626604 0.753176 0.631406 0.708185 0.593005 0.660861 0.553734 0.712065 0.560719 0.744639 0.554609 0.791963
1 0.885432 0.664778 0.924656 0.611139 0.917490 0.571583 0.920130 0.529343 0.882792 0.479731 0.844328 0.534037 0.849984 0.572250 0.843198 0.611139
