8 0.147026 0.979500 0.139422 0.979500 0.121109 0.966472 0.112656 0.924407 0.121391 0.908380 0.122797 0.863806 0.134630 0.843278 0.140266 0.822741 0.142234 0.816731 0.154349 0.816231 0.163646 0.839769 0.159984 0.853287 0.149844 0.854796 0.147307 0.859296
8 0.385172 0.203102 0.385552 0.229250 0.410818 0.257407 0.441365 0.250037 0.453813 0.207796 0.440609 0.175611 0.438724 0.136056 0.427792 0.079065 0.414589 0.085102 0.401766 0.113935 0.392339 0.138065 0.392719 0.180981
7 0.570958 0.450935 0.587161 0.477120 0.596844 0.478250 0.613677 0.449815 0.639349 0.425500 0.638297 0.391454 0.616625 0.386963 0.606312 0.363398 0.595370 0.338333 0.587161 0.337963 0.581901 0.351796 0.574328 0.349556 0.568224 0.357787 0.571172 0.378361 0.561490 0.390704 0.550547 0.390333 0.545500 0.412028 0.553917 0.431111
7 0.373208 0.702796 0.396307 0.744861 0.403917 0.741861 0.421380 0.707306 0.449552 0.679259 0.442510 0.646704 0.422505 0.643704 0.417438 0.606639 0.398281 0.592620 0.379969 0.608639 0.368984 0.621667 0.372365 0.646204 0.354333 0.648204 0.350672 0.671241 0.357995 0.685769
7 0.024141 0.662333 0.046396 0.684056 0.066464 0.712759 0.079557 0.705778 0.109661 0.656130 0.117953 0.646046 0.114464 0.622778 0.110536 0.619667 0.103557 0.595620 0.066901 0.566148 0.048573 0.603380 0.023266 0.625880
5 0.136161 0.749620 0.147120 0.704602 0.155151 0.690750 0.160510 0.678630 0.171708 0.676037 0.175849 0.690315 0.193380 0.709361 0.189724 0.727972 0.198979 0.757407 0.136406 0.756546
5 0.369068 0.433731 0.375401 0.416417 0.378078 0.399963 0.386115 0.384815 0.395849 0.366639 0.407052 0.367074 0.410703 0.378759 0.424583 0.397806 0.423849 0.417713 0.431401 0.451472 0.405104 0.487398 0.391958 0.473120
4 0.557406 0.902444 0.585693 0.912509 0.611339 0.885685 0.612469 0.841435 0.599646 0.811269 0.599271 0.784454 0.593990 0.750926 0.570229 0.738861 0.549865 0.756963 0.547979 0.790481 0.550995 0.805231 0.543833 0.830037 0.536667 0.856861 0.543078 0.883676
4 0.478146 0.182935 0.496406 0.176009 0.516859 0.184667 0.523432 0.229685 0.520510 0.244833 0.530979 0.266046 0.534875 0.295046 0.522214 0.322315 0.506146 0.337463 0.475714 0.332269 0.458667 0.291148 0.473031 0.240074 0.471083 0.217130
3 0.081042 0.747500 0.112984 0.718759 0.131000 0.757713 0.120286 0.758148 0.117854 0.765074 0.116880 0.805324 0.120531 0.813546 0.135286 0.828306 0.135479 0.834759 0.126911 0.858389 0.079969 0.858954 0.087469 0.818398 0.103438 0.814324 0.107677 0.811472 0.107500 0.761296 0.081406 0.758519
3 0.481563 0.529759 0.494656 0.542176 0.510365 0.567778 0.560979 0.505713 0.539599 0.483222 0.551380 0.447537 0.544833 0.413407 0.536979 0.416509 0.520401 0.380824 0.509490 0.417287 0.485927 0.402546 0.484182 0.437454 0.490729 0.456065 0.493781 0.482444
1 0.302729 0.380278 0.341188 0.332185 0.336625 0.295102 0.339557 0.250481 0.302073 0.196593 0.262313 0.249898 0.269156 0.282352 0.263286 0.333926
1 0.593969 0.197269 0.632193 0.145759 0.626104 0.112861 0.629026 0.069574 0.592505 0.018065 0.555010 0.069139 0.559880 0.103333 0.555984 0.147917
1 0.708917 0.661778 0.748682 0.611370 0.743146 0.573120 0.745099 0.527926 0.708266 0.482731 0.670458 0.533722 0.677302 0.570806 0.672411 0.614843
1 0.282104 0.757630 0.361677 0.756963 0.355266 0.732824 0.359417 0.686565 0.320573 0.636278 0.283990 0.687231 0.288516 0.730139
0 0.608281 0.779704 0.650167 0.819269 0.657589 0.815389 0.702094 0.757204 0.692495 0.738593 0.689875 0.693602 0.668057 0.674204 0.638385 0.669546 0.620500 0.721528 0.605661 0.747898
7 0.096964 0.166139 0.111063 0.139574 0.136734 0.113759 0.136318 0.084583 0.123057 0.075981 0.120953 0.058019 0.098651 0.041185 0.089813 0.025852 0.086443 0.029963 0.085604 0.044926 0.076344 0.047546 0.062667 0.079722 0.044568 0.082333 0.040359 0.107028 0.074240 0.152296
6 0.586448 0.737722 0.602286 0.726324 0.604172 0.680731 0.600026 0.661954 0.598891 0.609667 0.584937 0.597593 0.575135 0.582176 0.565703 0.584185 0.550995 0.614352 0.549490 0.653241 0.545339 0.677380 0.546849 0.717602 0.555521 0.733694
2 0.348667 0.022083 0.364130 0.013361 0.385250 0.026102 0.386380 0.072361 0.402219 0.099852 0.400714 0.121981 0.389396 0.143435 0.372427 0.158852 0.355833 0.151481 0.350552 0.123315 0.330568 0.118630 0.323776 0.095157 0.327927 0.070352
3 0.236724 0.003935 0.229151 0.017398 0.247833 0.038046 0.231677 0.068556 0.205927 0.098176 0.197344 0.093694 0.170589 0.058685 0.180182 0.029963 0.181583 0.000000 0.202250 0.000000
14 0.160979 0.483111 0.180760 0.498074 0.204536 0.532120 0.256516 0.469269 0.249568 0.437843 0.255672 0.416898 0.255880 0.389435 0.205714 0.328157 0.155526 0.395648 0.157276 0.424343 0.162516 0.433657
13 0.200130 0.658722 0.202099 0.684269 0.233089 0.722324 0.253651 0.732343 0.274219 0.715315 0.288021 0.674750 0.285484 0.639694 0.279568 0.633685 0.273089 0.597630 0.258724 0.572083 0.247172 0.561565 0.233089 0.567074 0.214776 0.590611 0.207453 0.615157 0.211958 0.633185
12 0.740865 0.216870 0.750641 0.243528 0.765958 0.252796 0.786167 0.243528 0.793667 0.215713 0.802792 0.204704 0.820391 0.177472 0.823000 0.160083 0.806375 0.141546 0.802792 0.113731 0.791385 0.082435 0.779000 0.073167 0.757484 0.069111 0.743146 0.084176 0.730432 0.116046 0.724891 0.142704 0.711854 0.171093 0.712833 0.194278
12 0.463891 0.000000 0.452469 0.035676 0.442365 0.075657 0.445297 0.087250 0.449859 0.104056 0.472349 0.109852 0.481474 0.142296 0.500380 0.153889 0.515375 0.136500 0.521240 0.108685 0.542099 0.103472 0.551229 0.083769 0.548292 0.062333 0.541125 0.051898 0.529323 0.000000
11 0.005292 0.651870 0.028516 0.689574 0.041141 0.753296 0.040635 0.757787 0.015896 0.758685 0.011354 0.763167 0.011859 0.810741 0.000245 0.818815 0.000000 0.802537 0.000000 0.651250
10 0.265307 0.574139 0.264875 0.543102 0.282766 0.481824 0.325089 0.441481 0.371344 0.511306 0.380068 0.578787 0.373958 0.611370 0.339927 0.663343 0.322469 0.637750 0.305891 0.660241 0.276219 0.621454 0.273599 0.593528
9 0.017307 0.427491 0.045583 0.472361 0.056182 0.466981 0.075875 0.425694 0.110203 0.410435 0.104651 0.377222 0.087484 0.352093 0.084458 0.304528 0.069313 0.245287 0.061740 0.240796 0.059719 0.268620 0.051641 0.260546 0.033464 0.281185 0.022865 0.326065 0.003172 0.322472 0.002161 0.357481 0.000000 0.386324 0.000000 0.399278
