1 0.307068 0.000000 0.303516 0.011722 0.338448 0.054796 0.344078 0.053287 0.375630 0.011222 0.374156 0.000000
1 0.000000 0.294972 0.003443 0.292148 0.033104 0.335028 0.037344 0.346611 0.031802 0.375583 0.036693 0.405139 0.014854 0.404556 0.010943 0.411509 0.010292 0.450333 0.003443 0.456713 0.000000 0.455481
14 0.386625 0.942843 0.390031 0.972750 0.364260 1.000000 0.318182 1.000000 0.292641 0.963185 0.294833 0.938074 0.381266 0.937259
4 0.363906 0.691528 0.372953 0.711639 0.378990 0.738454 0.359000 0.769963 0.343536 0.776000 0.326943 0.769296 0.307333 0.736444 0.306958 0.707620 0.314875 0.689509 0.316010 0.660009 0.319781 0.635204 0.338260 0.623806 0.357870 0.634537
4 0.349760 0.307694 0.325625 0.301657 0.304505 0.266120 0.311672 0.225898 0.317328 0.215843 0.313932 0.182315 0.322229 0.160194 0.339203 0.152148 0.360323 0.161537 0.364469 0.197741 0.361828 0.211815 0.371255 0.239981 0.376917 0.266120
4 0.062766 0.642602 0.053969 0.660565 0.026911 0.655352 0.010615 0.634491 0.005401 0.610148 0.010292 0.576546 0.017458 0.568426 0.012896 0.545250 0.019745 0.518593 0.037344 0.509907 0.045490 0.511065 0.055922 0.518019 0.062115 0.549889 0.058203 0.569009 0.067005 0.585231 0.056901 0.600296
6 0.492979 0.183204 0.489724 0.255056 0.498198 0.288093 0.515797 0.293306 0.538286 0.284611 0.547740 0.252741 0.541219 0.220870 0.536005 0.166981 0.521990 0.146120 0.506995 0.155389
7 0.213375 0.147769 0.244099 0.184426 0.255672 0.182935 0.288078 0.141778 0.287234 0.128685 0.272719 0.109611 0.277135 0.086417 0.274609 0.079685 0.257984 0.084167 0.240943 0.067333 0.230630 0.075194 0.231682 0.099509 0.218427 0.123454
7 0.430911 0.663306 0.469380 0.609639 0.451120 0.581935 0.457448 0.562019 0.451609 0.546009 0.433104 0.554231 0.419224 0.537787 0.402667 0.548176 0.407297 0.573713 0.387328 0.603139 0.396339 0.629111
8 0.549854 0.518287 0.584323 0.526815 0.600031 0.501991 0.586943 0.462426 0.591740 0.436056 0.587380 0.405028 0.582578 0.379426 0.563380 0.387963 0.547672 0.412787 0.547672 0.483370 0.541125 0.491907
9 0.097729 0.493472 0.138458 0.548454 0.156938 0.548454 0.184844 0.499509 0.183333 0.463972 0.176547 0.443861 0.177302 0.415028 0.160708 0.354694 0.151281 0.358046 0.152411 0.381509 0.147505 0.376815 0.132047 0.389556 0.122240 0.425093 0.102250 0.429778
11 0.107052 0.179398 0.108740 0.203435 0.100573 0.223972 0.104516 0.248509 0.134094 0.289574 0.157198 0.290574 0.168182 0.266037 0.163391 0.218963 0.177198 0.198926 0.178042 0.168880 0.150432 0.130815 0.136911 0.128815
11 0.120203 0.745296 0.151130 0.783509 0.164328 0.786194 0.206943 0.733231 0.202797 0.703056 0.197891 0.693667 0.195630 0.662157 0.164703 0.624611 0.158292 0.622602 0.127745 0.666852 0.127370 0.697019 0.118318 0.719148
11 0.378385 0.150944 0.421755 0.200556 0.437219 0.197204 0.474932 0.142222 0.464750 0.073843 0.432693 0.032269 0.421755 0.032269 0.390453 0.079204
12 0.381703 0.858731 0.376422 0.832583 0.390000 0.804426 0.399807 0.760852 0.420547 0.740731 0.442047 0.740731 0.459016 0.765546 0.462411 0.795046 0.462031 0.829907 0.478250 0.831250 0.477495 0.850019 0.469198 0.859407
12 0.320344 0.537324 0.333984 0.552843 0.342531 0.551231 0.390547 0.488185 0.391635 0.474602 0.377266 0.454880 0.372542 0.425454 0.362901 0.402176 0.344531 0.385037 0.321432 0.395389 0.304521 0.432241 0.302521 0.454556 0.319615 0.481389 0.316703 0.516306
0 0.740839 0.620611 0.782813 0.669694 0.824786 0.618111 0.821969 0.597074 0.817182 0.594074 0.815208 0.578046 0.789854 0.542481 0.772953 0.544991 0.761401 0.563019 0.762531 0.582046 0.745625 0.598574
5 0.451339 0.477787 0.456938 0.488176 0.479094 0.511556 0.490536 0.511120 0.513182 0.473463 0.510260 0.452250 0.502224 0.445324 0.498089 0.421519 0.491755 0.411130 0.492974 0.374778 0.481531 0.371315 0.473740 0.377806 0.473984 0.410269 0.464729 0.427583 0.459375 0.448787 0.455234 0.448787
3 0.271813 0.858491 0.292010 0.835148 0.275349 0.805537 0.288474 0.781296 0.279891 0.748991 0.272823 0.754370 0.257172 0.720269 0.242531 0.750787 0.224354 0.739111 0.221328 0.781296 0.229911 0.796556 0.229911 0.817204 0.220318 0.854000
0 0.562583 0.139787 0.606896 0.198648 0.647312 0.147574 0.645120 0.131556 0.637089 0.117278 0.634406 0.093037 0.620771 0.082213 0.599104 0.073130 0.589365 0.077454 0.579870 0.104722 0.581089 0.110352 0.570859 0.124630
1 0.284438 0.603046 0.323818 0.557269 0.318260 0.518676 0.320786 0.480083 0.289484 0.435204 0.247073 0.479185 0.255656 0.514194 0.254646 0.553685
1 0.518958 0.766435 0.551250 0.719898 0.550812 0.647750 0.517214 0.595778 0.481432 0.647750 0.479687 0.717565
1 0.159714 0.297352 0.201604 0.347000 0.239130 0.274083 0.230839 0.215130 0.197677 0.171685 0.163203 0.221333
1 0.091578 0.721694 0.125896 0.672083 0.124010 0.600343 0.095349 0.557435 0.087052 0.558102 0.056505 0.598333 0.058016 0.634537 0.056505 0.672083
2 0.571276 0.839222 0.577755 0.857250 0.590995 0.860750 0.608745 0.889796 0.623677 0.891306 0.640859 0.870269 0.641141 0.831704 0.630156 0.820185 0.628464 0.787130 0.615786 0.772611 0.598604 0.775111 0.575786 0.811676
3 0.393698 0.377491 0.427260 0.421731 0.467990 0.364750 0.452151 0.337259 0.464219 0.310444 0.454036 0.267537 0.447250 0.278926 0.434052 0.244065 0.419719 0.278926 0.404255 0.268870 0.398979 0.301056 0.407651 0.320500 0.407651 0.341954
