1 0.999276 0.625370 0.973078 0.586806 0.979557 0.557759 0.976458 0.515194 1.000000 0.487454 1.000000 0.554111
1 0.781573 0.479259 0.823057 0.424954 0.814385 0.399481 0.815891 0.350537 0.781573 0.312315 0.746500 0.360593 0.754042 0.388750 0.749516 0.422944 0.753667 0.452444
1 0.697833 0.222111 0.733625 0.171898 0.728026 0.141167 0.730214 0.097454 0.695885 0.055463 0.661797 0.102648 0.667401 0.134676 0.661312 0.175361
1 0.278385 0.172731 0.315010 0.128167 0.310781 0.093611 0.312474 0.055046 0.281484 0.008972 0.243734 0.057546 0.251063 0.091102 0.246552 0.127657
1 0.505687 0.332657 0.540427 0.293213 0.535151 0.251509 0.539151 0.217231 0.504594 0.171963 0.469859 0.218204 0.477495 0.252796 0.473495 0.274139 0.480224 0.288685 0.488229 0.311000
0 0.186125 0.771713 0.224969 0.813954 0.232891 0.813954 0.254760 0.779759 0.252875 0.766343 0.263437 0.756287 0.252125 0.736176 0.247599 0.708685 0.239302 0.693935 0.223083 0.693269 0.211016 0.713380 0.207245 0.728806 0.189896 0.746907
12 0.462526 0.424454 0.501875 0.374324 0.503349 0.350009 0.491146 0.333167 0.486094 0.308102 0.479573 0.285657 0.464208 0.266583 0.446109 0.266583 0.426542 0.285287 0.416651 0.328306 0.404870 0.349630 0.405078 0.357491 0.416651 0.376944 0.453057 0.424454
14 0.838255 0.903185 0.882906 0.835963 0.879651 0.775704 0.877042 0.755417 0.835646 0.705009 0.788708 0.767009 0.795229 0.806417 0.790995 0.831907
2 0.350177 0.940602 0.346026 0.964731 0.369542 1.000000 0.396271 1.000000 0.407500 0.999593 0.422208 0.961380 0.411646 0.937241
2 0.222917 0.000000 0.233719 0.020574 0.228479 0.039963 0.218010 0.048500 0.194448 0.059361 0.158667 0.019019 0.158333 0.000000
11 0.885312 0.000000 0.877062 0.017389 0.885359 0.047556 0.906099 0.067000 0.905724 0.043537 0.954750 0.046889 0.961536 0.040185 0.965615 0.000000
12 0.838375 0.425981 0.889932 0.354528 0.874151 0.329463 0.867203 0.298417 0.853526 0.272231 0.832062 0.264370 0.808703 0.283454 0.799234 0.321981 0.799656 0.335074 0.817964 0.359398 0.813125 0.391194 0.823438 0.423741
12 0.973260 0.692907 0.958344 0.674481 0.955438 0.650556 0.941432 0.621130 0.924156 0.611111 0.903422 0.621454 0.888505 0.651204 0.886146 0.676426 0.871229 0.702287 0.875047 0.721037 0.879417 0.726213 0.921974 0.727833 0.963802 0.728157
12 0.392141 0.802611 0.433552 0.753028 0.437214 0.715972 0.420875 0.697435 0.415240 0.660880 0.396083 0.635333 0.371573 0.637343 0.353828 0.658370 0.345938 0.694935 0.330161 0.727491 0.336359 0.750528 0.354672 0.759537 0.374953 0.795093
11 0.327833 0.000000 0.320922 0.016120 0.328927 0.038759 0.362026 0.082083 0.380578 0.077556 0.409859 0.035528 0.408599 0.000000
11 0.667651 0.149306 0.657552 0.168750 0.637349 0.170250 0.614417 0.146306 0.614417 0.135083 0.601578 0.113009 0.603260 0.098426 0.611260 0.084204 0.609995 0.056898 0.640719 0.011630 0.649344 0.012759 0.680281 0.052037 0.677755 0.085704 0.663234 0.101787 0.668917 0.137333
11 0.616281 0.609463 0.654839 0.659250 0.663385 0.656667 0.704854 0.605907 0.704490 0.579389 0.696672 0.566778 0.697396 0.546093 0.694490 0.534130 0.666661 0.497593 0.658479 0.498880 0.629380 0.539296 0.628286 0.557083 0.627193 0.572278 0.620464 0.590380
9 0.592630 0.364296 0.642495 0.426898 0.652354 0.425398 0.685312 0.372306 0.684750 0.342259 0.675734 0.321731 0.677427 0.290676 0.659958 0.236093 0.653198 0.237093 0.652635 0.250111 0.642776 0.252111 0.626156 0.277657 0.622776 0.304194 0.602490 0.304194
8 0.632047 0.956796 0.653302 0.961287 0.668875 0.948935 0.663615 0.898435 0.664875 0.859528 0.657932 0.835583 0.660036 0.824741 0.653932 0.810898 0.637099 0.822120 0.627000 0.841944 0.623000 0.902546 0.621526 0.919759 0.621318 0.931352
8 0.198198 0.361972 0.205370 0.387463 0.232094 0.406583 0.256214 0.389204 0.246760 0.348065 0.247089 0.309241 0.243177 0.277944 0.242849 0.264037 0.234375 0.255352 0.216448 0.269259 0.213516 0.284324 0.206344 0.293593 0.205042 0.350380
7 0.715276 0.000000 0.706500 0.016778 0.729318 0.061852 0.755234 0.074880 0.787911 0.034815 0.779880 0.000000
7 0.882411 0.486537 0.917958 0.532417 0.929156 0.530250 0.959594 0.491296 0.956427 0.470954 0.947417 0.460130 0.950099 0.439787 0.945958 0.424204 0.927208 0.427231 0.914307 0.413380 0.904078 0.418148 0.900917 0.446713
7 0.563448 0.789787 0.598094 0.740204 0.592745 0.706648 0.574995 0.689120 0.570490 0.663583 0.554151 0.664583 0.549641 0.686620 0.529922 0.695130 0.527672 0.701148 0.531333 0.713667 0.521755 0.729185 0.523724 0.746722
7 0.365604 0.302750 0.396240 0.274935 0.405693 0.251176 0.396240 0.221046 0.395589 0.196704 0.379292 0.181639 0.350932 0.188593 0.339203 0.198444 0.342786 0.218148 0.329422 0.247120 0.336917 0.269139
6 0.266229 0.601148 0.271505 0.650759 0.304693 0.671546 0.328833 0.647407 0.330339 0.594444 0.320536 0.530750 0.297906 0.510639 0.285464 0.513315 0.271885 0.561593
5 0.941937 0.349565 0.973880 0.393028 0.982354 0.388389 1.000000 0.357019 1.000000 0.327315 0.991156 0.298574 0.982682 0.285250 0.978120 0.282352 0.969641 0.275398 0.966708 0.286407 0.960193 0.296259
5 0.310417 0.428407 0.288260 0.405463 0.284120 0.383824 0.294349 0.363046 0.297026 0.345296 0.305792 0.331880 0.310172 0.321056 0.318208 0.321491 0.326240 0.337509 0.337688 0.361750 0.345719 0.387713
4 0.435750 0.178333 0.466562 0.186435 0.489667 0.148157 0.484635 0.118250 0.475365 0.099528 0.477094 0.072704 0.472219 0.048389 0.466089 0.040287 0.456031 0.035815 0.438740 0.042241 0.434021 0.048676 0.431823 0.082204 0.434021 0.087231 0.429307 0.107639 0.424906 0.120213 0.421922 0.144806
4 0.846969 0.181444 0.819688 0.175944 0.802411 0.146194 0.813870 0.097056 0.813323 0.068278 0.818776 0.043056 0.835328 0.034324 0.855333 0.044676 0.859698 0.078944 0.856792 0.091231 0.865703 0.116130 0.871521 0.144907
4 0.826453 0.641444 0.847318 0.644343 0.870781 0.610731 0.869156 0.580602 0.859375 0.562056 0.859703 0.534241 0.857422 0.512222 0.836234 0.494843 0.816349 0.505852 0.812115 0.545833 0.813094 0.552204 0.801359 0.602620 0.810484 0.626954
4 0.529583 0.524759 0.550714 0.534269 0.564797 0.512741 0.559448 0.475176 0.572125 0.455648 0.561979 0.436611 0.566771 0.420083 0.559448 0.393046 0.543109 0.381028 0.520854 0.391537 0.516625 0.416083 0.518880 0.440120 0.509302 0.477176 0.508458 0.493704 0.516906 0.510731
4 0.462708 0.666167 0.480240 0.671361 0.490953 0.664435 0.508484 0.634139 0.502641 0.602102 0.491437 0.580898 0.495578 0.559685 0.488760 0.528954 0.470745 0.520731 0.452969 0.530685 0.446641 0.566611 0.441526 0.611630 0.439578 0.633704 0.448344 0.650148
3 0.707224 0.720361 0.743406 0.759769 0.743406 0.759769 0.784474 0.702398 0.771109 0.680380 0.780563 0.653148 0.776651 0.616065 0.768177 0.624176 0.754812 0.590565 0.742099 0.615481 0.725802 0.615481 0.720589 0.645611 0.727109 0.655463 0.729714 0.683861
3 0.348651 0.510991 0.379198 0.555204 0.423266 0.500130 0.409740 0.469880 0.418031 0.441954 0.411484 0.407046 0.404505 0.413250 0.389234 0.377565 0.377016 0.410926 0.357380 0.402389 0.355635 0.439620 0.363922 0.455139 0.362615 0.478407
1 0.592771 0.427000 0.626297 0.472074 0.621505 0.509630 0.627141 0.537676 0.626578 0.552204 0.593333 0.590769 0.557276 0.543185 0.562911 0.506130 0.559812 0.471074
1 0.445740 0.859213 0.436245 0.843630 0.441844 0.807704 0.438437 0.772648 0.473010 0.728065 0.508068 0.772213 0.501010 0.799481 0.501250 0.821556 0.505391 0.842333 0.501250 0.857046
