11 0.536344 0.648509 0.552687 0.627472 0.555781 0.611444 0.549021 0.596926 0.547052 0.563870 0.533813 0.561370 0.526766 0.536824 0.519443 0.536824 0.514375 0.560870 0.501698 0.565370 0.498880 0.580898 0.497750 0.604435 0.493245 0.613954 0.497750 0.625472 0.514089 0.644000 0.525359 0.639991
14 0.436755 0.241630 0.459885 0.192722 0.457693 0.181037 0.461589 0.158093 0.429208 0.115241 0.399260 0.155500 0.402182 0.179731 0.411193 0.197481 0.415328 0.220852 0.429208 0.244231
13 0.218016 0.300194 0.219427 0.278657 0.236328 0.254620 0.244776 0.259630 0.259708 0.282167 0.260552 0.301194 0.265625 0.315713 0.265625 0.329241 0.259146 0.343259 0.249286 0.356787 0.245906 0.353278 0.234073 0.352778 0.232667 0.357787 0.223932 0.339759 0.218016 0.340259 0.212380 0.319722
12 0.296391 0.618769 0.299661 0.621685 0.299302 0.638491 0.301844 0.639139 0.307667 0.625889 0.311484 0.624917 0.317484 0.636556 0.321854 0.627176 0.326578 0.609074 0.338401 0.592583 0.336948 0.584500 0.332036 0.565750 0.323854 0.546991 0.310755 0.542148 0.296208 0.547639 0.287297 0.569306 0.285115 0.585148 0.282203 0.586759 0.284021 0.594519 0.288568 0.592583 0.297120 0.604870
12 0.335354 0.684417 0.336578 0.671611 0.331010 0.662676 0.332911 0.653259 0.319734 0.635389 0.322724 0.623796 0.328698 0.605435 0.338615 0.591917 0.349078 0.589981 0.361578 0.595537 0.369318 0.617269 0.374073 0.640944 0.366875 0.648185 0.359807 0.661954 0.357771 0.680796 0.354917 0.682722 0.347042 0.671611
12 0.408990 0.687315 0.400703 0.697213 0.395130 0.714843 0.392823 0.727889 0.391057 0.729583 0.382359 0.717991 0.373125 0.730546 0.370677 0.727648 0.372714 0.720398 0.367552 0.711463 0.367417 0.699148 0.354375 0.684417 0.358859 0.670889 0.363885 0.653019 0.374891 0.639009 0.387526 0.637565 0.400156 0.650602 0.405594 0.675481
12 0.427172 0.784935 0.432224 0.779694 0.438115 0.781194 0.440010 0.755000 0.440432 0.742287 0.446109 0.735176 0.441063 0.719093 0.437062 0.699639 0.424646 0.685796 0.414339 0.684676 0.405833 0.690880 0.398005 0.702778 0.393333 0.723167 0.393042 0.733120 0.393865 0.735435 0.404406 0.746435 0.403943 0.759491 0.407036 0.763046 0.407078 0.782241 0.413052 0.788037 0.415786 0.783213 0.418630 0.782722 0.421891 0.786315
11 0.423865 0.511750 0.412771 0.512074 0.397130 0.497852 0.391307 0.484917 0.386214 0.472306 0.387490 0.461639 0.392583 0.456463 0.394583 0.424454 0.398583 0.420250 0.407130 0.422185 0.413135 0.396648 0.422406 0.395676 0.422953 0.405704 0.427682 0.420574 0.439141 0.419278 0.443141 0.429306 0.441141 0.436741 0.442234 0.455491 0.446234 0.460343 0.445688 0.464870 0.446781 0.468750 0.441141 0.472306 0.438229 0.468750 0.430776 0.470361 0.429682 0.483620
11 0.426411 0.532120 0.444052 0.556370 0.452964 0.559602 0.462964 0.553463 0.465510 0.524361 0.481516 0.511102 0.478063 0.504963 0.477880 0.466806 0.462964 0.468426 0.455693 0.442556 0.450781 0.442231 0.442594 0.466806 0.430776 0.470361 0.429865 0.485889 0.427318 0.505287 0.422589 0.516278 0.422406 0.523713
11 0.512615 0.524037 0.503885 0.514981 0.500615 0.518222 0.498068 0.507222 0.489880 0.495907 0.482427 0.496880 0.479333 0.513694 0.467328 0.520157 0.464969 0.533093 0.465510 0.543759 0.459693 0.558630 0.461693 0.574472 0.477333 0.596463 0.487880 0.604222 0.499156 0.597435 0.500250 0.571241 0.503339 0.564778 0.516073 0.564454 0.516255 0.554426 0.512255 0.544407
10 0.380703 0.154454 0.364083 0.170981 0.346615 0.210046 0.343516 0.249611 0.365208 0.277157 0.380141 0.294685 0.393099 0.283667 0.409156 0.265139 0.419297 0.246602 0.414786 0.233083 0.413661 0.215056 0.410281 0.192019
7 0.652859 0.440833 0.665698 0.464407 0.672010 0.461407 0.674745 0.448694 0.688214 0.426991 0.695156 0.408287 0.681901 0.404176 0.678109 0.374620 0.672219 0.368259 0.667589 0.373500 0.654125 0.369759 0.649073 0.383972 0.651807 0.403056 0.646547 0.409787 0.650333 0.419139 0.648651 0.427741
7 0.605979 0.386407 0.604484 0.364907 0.614130 0.364185 0.616984 0.357907 0.613177 0.336407 0.616302 0.322648 0.627849 0.328926 0.636953 0.322157 0.639672 0.326269 0.644562 0.348491 0.645104 0.359833 0.655021 0.365630 0.656109 0.372398 0.651896 0.382296 0.647005 0.387370 0.635729 0.402583 0.634370 0.395583 0.627714 0.391231 0.622010 0.396065
7 0.558292 0.317093 0.568208 0.325296 0.582203 0.349694 0.586823 0.348731 0.599729 0.325546 0.610599 0.318537 0.607880 0.297528 0.601089 0.299213 0.593750 0.269028 0.585057 0.256472 0.580979 0.261778 0.566307 0.266370 0.563047 0.282306 0.568344 0.296806 0.559786 0.301389
6 0.675130 0.073759 0.671458 0.102500 0.675807 0.126167 0.693063 0.132204 0.708141 0.123028 0.709094 0.093324 0.702708 0.072546 0.703521 0.053954 0.698495 0.043565 0.696047 0.041639 0.692109 0.032704 0.685995 0.032704 0.682734 0.043565 0.678391 0.050333
6 0.636693 0.142370 0.637104 0.164111 0.643760 0.180537 0.669026 0.179565 0.673510 0.157833 0.667943 0.122324 0.666177 0.099630 0.655307 0.082231 0.649599 0.083204 0.643760 0.099139
5 0.400130 0.335667 0.407948 0.339222 0.413589 0.334046 0.407766 0.311417 0.408130 0.302361 0.398313 0.288787 0.397219 0.281991 0.392307 0.281352 0.385943 0.291370 0.380307 0.302037 0.379396 0.311093 0.373755 0.327259 0.378125 0.333407 0.389943 0.354093 0.398130 0.354093
5 0.400130 0.287491 0.403948 0.268093 0.410677 0.258389 0.414495 0.252250 0.420865 0.252250 0.431229 0.267120 0.434141 0.288139 0.429229 0.291046 0.425771 0.304630 0.419771 0.324676 0.413953 0.321769 0.410677 0.302361 0.404130 0.295250
4 0.397188 0.836222 0.402656 0.821630 0.400766 0.805213 0.405812 0.784972 0.414865 0.781602 0.428750 0.785343 0.433802 0.810037 0.430646 0.820880 0.441167 0.840370 0.441589 0.853056 0.434224 0.853463 0.429594 0.847074 0.419281 0.853463 0.410234 0.853463 0.407917 0.859083 0.406234 0.871759 0.401396 0.867306 0.400135 0.857167 0.396766 0.850852
4 0.437688 0.829222 0.460781 0.836981 0.476422 0.816296 0.476240 0.794954 0.467151 0.773935 0.468604 0.761648 0.464969 0.740315 0.450599 0.729963 0.440776 0.741926 0.438776 0.772639 0.433500 0.782019 0.434229 0.794630 0.431141 0.800454 0.432594 0.811769
4 0.477625 0.785935 0.497745 0.789565 0.513781 0.763852 0.510635 0.741778 0.503250 0.727806 0.504193 0.710759 0.501521 0.693991 0.497906 0.691204 0.487375 0.686454 0.475896 0.692315 0.473854 0.704611 0.474010 0.722500 0.469297 0.739269 0.469141 0.748204 0.467255 0.757426 0.468510 0.768324
4 0.513620 0.738056 0.531083 0.742546 0.547286 0.723093 0.548339 0.693917 0.539922 0.680074 0.540130 0.659870 0.535083 0.642667 0.523510 0.638926 0.511302 0.643407 0.509620 0.660241 0.509620 0.675213 0.505411 0.690546 0.504151 0.702519 0.502885 0.711500 0.504568 0.723093
3 0.720297 0.444759 0.737937 0.466741 0.767948 0.430528 0.764307 0.412426 0.750302 0.394963 0.755578 0.379769 0.753396 0.366833 0.746484 0.369750 0.745396 0.358750 0.736661 0.357463 0.736120 0.375889 0.729391 0.361343 0.724844 0.367481 0.722479 0.379769 0.725568 0.383000 0.725203 0.397880 0.707380 0.417278 0.708656 0.425037
3 0.682104 0.378157 0.701927 0.407574 0.720839 0.376213 0.724297 0.366833 0.714292 0.347111 0.720479 0.333861 0.718474 0.316398 0.714109 0.318019 0.705016 0.298287 0.699016 0.315102 0.686833 0.309611 0.684646 0.334824 0.687740 0.341620 0.687557 0.357139
3 0.644818 0.331593 0.666641 0.361991 0.685375 0.328037 0.687375 0.317370 0.679740 0.302815 0.684646 0.288269 0.682828 0.268870 0.678281 0.270481 0.670099 0.252056 0.663734 0.267898 0.651729 0.264019 0.650458 0.282769 0.652458 0.288593 0.651911 0.309287
3 0.607901 0.284713 0.629359 0.312519 0.650276 0.280833 0.651911 0.267574 0.642635 0.253676 0.648818 0.240741 0.647547 0.221019 0.642453 0.221981 0.633906 0.201620 0.627542 0.219398 0.615901 0.215519 0.613719 0.236861 0.616448 0.243324 0.616995 0.262398
2 0.758750 0.388463 0.764010 0.398935 0.777896 0.401926 0.791995 0.388833 0.795995 0.368259 0.788839 0.351426 0.790526 0.341324 0.783370 0.325241 0.774531 0.322991 0.765901 0.328981 0.762745 0.345065 0.756016 0.362648 0.753490 0.371630
2 0.721755 0.319204 0.730401 0.299639 0.731656 0.290981 0.742188 0.284556 0.750365 0.294333 0.751307 0.312213 0.755552 0.308583 0.759323 0.324509 0.756495 0.334852 0.740776 0.353852 0.731974 0.351898 0.732760 0.336806 0.729615 0.333454 0.724115 0.337926 0.719240 0.327870
2 0.685917 0.269796 0.694474 0.252407 0.696917 0.242991 0.704120 0.237435 0.714172 0.245407 0.715667 0.261102 0.718792 0.264972 0.722594 0.277769 0.721646 0.286944 0.708740 0.302167 0.705208 0.301926 0.702219 0.305787 0.695969 0.299269 0.697328 0.291778 0.694203 0.285741 0.689042 0.289361 0.684286 0.282602
2 0.649005 0.221741 0.654302 0.209417 0.660687 0.190583 0.670469 0.187204 0.678620 0.196139 0.679432 0.214972 0.687448 0.223426 0.687583 0.237435 0.673458 0.255306 0.669651 0.254824 0.665578 0.257000 0.659599 0.250481 0.660823 0.244194 0.657698 0.240093 0.652807 0.242028 0.648458 0.237676
1 0.373818 0.819009 0.382271 0.827148 0.404932 0.796259 0.402349 0.774759 0.403875 0.747407 0.381802 0.717769 0.359141 0.747407 0.359724 0.757222 0.380979 0.757639 0.386615 0.763898 0.388260 0.772250 0.387542 0.808778 0.384151 0.815463 0.373229 0.817130
1 0.327672 0.757009 0.317807 0.747204 0.319219 0.731759 0.326484 0.724241 0.324266 0.699398 0.345635 0.671222 0.369000 0.700657 0.365010 0.723194 0.367594 0.734889 0.365833 0.741565 0.358906 0.749287 0.359365 0.756389
1 0.311469 0.731963 0.324620 0.710259 0.325443 0.700444 0.332708 0.689593 0.330844 0.678111 0.333073 0.654102 0.309589 0.623630 0.287630 0.653065 0.290568 0.672472 0.287271 0.701694
1 0.277229 0.687815 0.289958 0.663787 0.288073 0.653167 0.297661 0.641148 0.295464 0.629972 0.297818 0.605380 0.275344 0.575481 0.252078 0.605102 0.255063 0.627176 0.251766 0.654287
1 0.215802 0.608093 0.238766 0.638287 0.254385 0.615583 0.253026 0.605676 0.261859 0.592880 0.258599 0.583944 0.261453 0.556889 0.238625 0.526944 0.216214 0.559546 0.219609 0.582250
1 0.204620 0.591250 0.218474 0.568500 0.217302 0.559315 0.225755 0.548046 0.222938 0.531759 0.226224 0.510472 0.203562 0.480620 0.180781 0.511509 0.184542 0.531972 0.180198 0.559102
1 0.168271 0.543731 0.183078 0.520306 0.181036 0.511611 0.189734 0.500259 0.188104 0.487694 0.191094 0.463065 0.166500 0.431907 0.146260 0.464028 0.148703 0.483352 0.144630 0.512574
1 0.108458 0.466759 0.135505 0.492806 0.146771 0.473778 0.146490 0.466259 0.154661 0.453241 0.153250 0.439222 0.155505 0.413176 0.131844 0.383130 0.109870 0.411676 0.111557 0.437713
0 0.327417 0.820657 0.327417 0.830361 0.320323 0.844907 0.320141 0.852019 0.327964 0.853963 0.331052 0.860750 0.332328 0.869157 0.343057 0.883704 0.343604 0.860426 0.345969 0.854926 0.361427 0.852667 0.370156 0.846843 0.368885 0.837148 0.366885 0.835852 0.366339 0.816454 0.333234 0.815806
0 0.258219 0.772981 0.247484 0.761148 0.250068 0.746898 0.261479 0.734574 0.265688 0.718157 0.276828 0.708491 0.284438 0.709463 0.290687 0.734824 0.301146 0.750037 0.301281 0.756796 0.263109 0.759213 0.260797 0.764046
0 0.211906 0.711944 0.238125 0.746481 0.242062 0.745037 0.267740 0.715093 0.266656 0.702046 0.253339 0.687556 0.251984 0.674269 0.246141 0.660991 0.237036 0.660750 0.230651 0.671370 0.225490 0.688519 0.214620 0.699870
0 0.176120 0.666852 0.201219 0.698861 0.206125 0.698537 0.232500 0.663944 0.232318 0.656185 0.218677 0.640343 0.217583 0.623204 0.209219 0.613824 0.200307 0.614796 0.191214 0.631611 0.179755 0.650361
0 0.140323 0.619889 0.164745 0.652037 0.171438 0.650991 0.194214 0.618852 0.194922 0.609037 0.189990 0.600065 0.182943 0.594009 0.182005 0.580019 0.178719 0.569796 0.166505 0.568120 0.157932 0.578139 0.153240 0.590880 0.141964 0.607370
0 0.105969 0.571546 0.129344 0.601407 0.137620 0.601407 0.160750 0.569380 0.160021 0.556824 0.149797 0.546444 0.147604 0.526093 0.138109 0.519167 0.127641 0.520037 0.109625 0.549472 0.104510 0.559861
9 0.397062 0.148593 0.377703 0.130259 0.378333 0.108185 0.374547 0.082370 0.378542 0.079009 0.389906 0.083120 0.391167 0.071528 0.393693 0.068907 0.396010 0.059556 0.405057 0.046463 0.408005 0.044213 0.411792 0.050954 0.411161 0.037481 0.416630 0.032620 0.428417 0.068157 0.425047 0.090231 0.433255 0.107815 0.433255 0.120907 0.429047 0.116796 0.420417 0.131009 0.420630 0.136241 0.410948 0.150083 0.409057 0.145972 0.404005 0.142981 0.402953 0.147472
8 0.331740 0.182111 0.346833 0.175120 0.352333 0.164500 0.349031 0.142426 0.342745 0.134324 0.343687 0.108889 0.342432 0.102741 0.342745 0.084583 0.330010 0.088213 0.326714 0.093528 0.326870 0.099111 0.323568 0.104981 0.325927 0.120907 0.327813 0.124259 0.327495 0.134602 0.322151 0.140472 0.318224 0.149694 0.319479 0.167296
8 0.312875 0.210444 0.323094 0.205435 0.328026 0.194370 0.324385 0.176630 0.318865 0.169120 0.318396 0.156176 0.319687 0.142815 0.319979 0.137306 0.318292 0.113296 0.307135 0.120769 0.302297 0.123778 0.302510 0.127519 0.299349 0.137620 0.303344 0.157806 0.302297 0.166426 0.298292 0.172769 0.295557 0.184000 0.296828 0.204204 0.302922 0.209444
8 0.298875 0.207870 0.302286 0.226046 0.298391 0.237306 0.282078 0.245963 0.271120 0.227352 0.268927 0.208306 0.277693 0.198343 0.280130 0.190556 0.276234 0.178870 0.276474 0.165880 0.278911 0.163287 0.280130 0.153333 0.284995 0.148139 0.292302 0.146843 0.296682 0.158528 0.294734 0.165454 0.296927 0.170648 0.294005 0.187963 0.295224 0.201380
7 0.707583 0.505352 0.724495 0.479481 0.734500 0.474954 0.728318 0.454907 0.716677 0.452972 0.715219 0.434213 0.710854 0.418370 0.702490 0.421935 0.691214 0.417083 0.683755 0.426139 0.688849 0.449417 0.686849 0.452972 0.676120 0.449741 0.672297 0.472370 0.684120 0.481426 0.701219 0.509556
