3 0.494641 0.488389 0.521859 0.526713 0.532911 0.525278 0.560667 0.483593 0.563901 0.466352 0.547464 0.442389 0.558781 0.417963 0.552849 0.387778 0.545036 0.392093 0.534255 0.360954 0.522401 0.388259 0.506229 0.382028 0.502188 0.404065 0.501917 0.417481 0.506500 0.424185 0.505151 0.454852
3 0.589672 0.630139 0.634766 0.574343 0.630078 0.540991 0.606990 0.515972 0.614563 0.492250 0.607708 0.474287 0.598688 0.459537 0.587505 0.455046 0.580292 0.476852 0.574521 0.464667 0.566219 0.468519 0.561172 0.481343 0.565141 0.498657 0.563698 0.530083 0.552151 0.566000 0.556839 0.598074
2 0.458885 0.272852 0.461896 0.285676 0.469266 0.292898 0.474979 0.288889 0.480693 0.288889 0.503849 0.258148 0.504151 0.244509 0.499188 0.234083 0.496932 0.224731 0.491068 0.229546 0.490167 0.201472 0.483250 0.186769 0.472422 0.182491 0.461745 0.188111 0.456182 0.206019 0.443703 0.242907 0.441448 0.254139 0.443250 0.262426
2 0.514557 0.351519 0.522708 0.367250 0.530625 0.370148 0.532953 0.364769 0.536911 0.366833 0.562766 0.334120 0.561604 0.313009 0.550187 0.301824 0.548792 0.282778 0.541573 0.266222 0.524802 0.264148 0.517115 0.275324 0.515484 0.286917 0.507333 0.301000 0.499417 0.322120 0.499417 0.336611
2 0.571755 0.427250 0.581073 0.447954 0.589693 0.448361 0.614146 0.426833 0.621135 0.403648 0.615313 0.382111 0.608792 0.379213 0.605760 0.354787 0.594349 0.338639 0.582703 0.339463 0.573620 0.353546 0.560344 0.389981 0.556620 0.406546 0.557552 0.415657
2 0.624021 0.513870 0.646927 0.528241 0.665521 0.516750 0.682500 0.474111 0.668219 0.450630 0.670911 0.429556 0.660401 0.401769 0.642885 0.401287 0.631297 0.415657 0.629141 0.433861 0.620521 0.452074 0.612703 0.476028 0.615401 0.494713
9 0.037089 0.118907 0.021214 0.102880 0.004620 0.082352 0.004260 0.048361 0.000000 0.028963 0.000000 0.015074 0.002094 0.005389 0.021937 0.010519 0.025026 0.000000 0.083677 0.000000 0.081823 0.021426 0.096615 0.052213 0.093005 0.072731 0.086510 0.065676 0.070641 0.086204 0.071000 0.094537 0.056208 0.112500 0.051156 0.106083
14 0.064797 0.245639 0.097266 0.248852 0.106646 0.238593 0.108807 0.202028 0.137307 0.196898 0.132620 0.167398 0.136948 0.131481 0.086443 0.066065 0.037740 0.126991 0.038458 0.157778 0.046036 0.166111 0.045672 0.177657 0.054693 0.196898
11 0.228833 0.755583 0.233526 0.742759 0.247234 0.749176 0.254448 0.785731 0.258776 0.788296 0.260943 0.810741 0.277177 0.819083 0.280786 0.840250 0.279703 0.853713 0.273932 0.858204 0.273568 0.894120 0.260583 0.914000 0.260943 0.860769 0.258057 0.853713 0.207187 0.853074 0.199974 0.856926 0.198172 0.816519 0.241464 0.813954 0.245427 0.807537 0.245427 0.761361 0.242542 0.758796
11 0.170401 0.696593 0.173365 0.682704 0.188995 0.681269 0.200583 0.711926 0.213250 0.716713 0.221062 0.733009 0.219984 0.757917 0.147224 0.759833 0.145339 0.726778 0.156385 0.715759 0.165281 0.721028 0.169052 0.713361 0.167438 0.706704
11 0.129531 0.597389 0.160740 0.637546 0.164469 0.684343 0.168891 0.705037 0.168661 0.716639 0.163302 0.722019 0.158901 0.714565 0.144203 0.727398 0.147698 0.755139 0.121172 0.756796 0.117885 0.762593 0.115349 0.773361 0.107406 0.766741 0.106005 0.760111 0.080156 0.734852 0.074823 0.724093 0.075031 0.711667 0.084578 0.694278 0.086464 0.656185 0.089938 0.641278 0.106729 0.639620 0.113927 0.631343 0.111828 0.621815 0.117422 0.595315
11 0.054672 0.709407 0.027958 0.670815 0.014599 0.637426 0.022948 0.611454 0.029630 0.558019 0.057177 0.517954 0.072203 0.515722 0.106016 0.565444 0.105599 0.609963 0.112276 0.624065 0.111443 0.637426 0.100172 0.638907 0.091406 0.638167 0.085146 0.656722 0.085979 0.691593 0.072203 0.706435
10 0.000422 0.359648 0.007188 0.360509 0.025536 0.328741 0.038578 0.329602 0.055000 0.301269 0.065141 0.268639 0.061276 0.231722 0.053552 0.193083 0.006219 0.120963 0.000000 0.126815 0.000000 0.319074
7 0.290266 0.389074 0.336078 0.445120 0.379464 0.386194 0.373266 0.360806 0.358714 0.358407 0.355214 0.321037 0.339583 0.296130 0.308323 0.306194 0.305625 0.342120 0.311557 0.359370 0.298891 0.361759
7 0.397870 0.524222 0.373349 0.489250 0.373078 0.461944 0.387901 0.467685 0.390323 0.458583 0.384938 0.425528 0.390594 0.400139 0.408651 0.413556 0.422932 0.397259 0.433172 0.429843 0.433984 0.460981 0.450688 0.465769 0.454734 0.480148 0.444760 0.494037 0.421583 0.524704 0.418354 0.515120 0.409458 0.508889
7 0.449359 0.593880 0.467755 0.629352 0.476177 0.623815 0.495505 0.580574 0.508917 0.566167 0.515151 0.534009 0.493323 0.535676 0.489271 0.496870 0.484281 0.476917 0.475865 0.481907 0.451229 0.478583 0.442188 0.493546 0.447802 0.534565 0.427536 0.532907 0.428781 0.539000 0.441568 0.552306 0.443437 0.572815
7 0.477109 0.643213 0.526687 0.711944 0.546333 0.671481 0.575953 0.648204 0.572208 0.611620 0.549135 0.609954 0.549448 0.577250 0.538849 0.552306 0.531990 0.558398 0.511719 0.553417 0.500182 0.572259 0.506422 0.610509 0.489896 0.607741
6 0.428083 0.074296 0.423453 0.112944 0.426875 0.151593 0.445198 0.168056 0.462911 0.165194 0.481229 0.148731 0.479016 0.094694 0.470964 0.074657 0.468750 0.037435 0.454052 0.036722 0.454052 0.015602 0.448818 0.012741 0.440568 0.020611 0.435937 0.036722 0.433724 0.064991
5 0.036974 0.452750 0.043958 0.435361 0.059099 0.421694 0.060266 0.405963 0.052578 0.383602 0.051182 0.361657 0.035344 0.345509 0.031151 0.334333 0.023698 0.333917 0.019505 0.345093 0.007161 0.360833 0.004130 0.396444 0.011354 0.394787 0.023229 0.447370
5 0.055885 0.386481 0.063823 0.401880 0.089073 0.369815 0.092323 0.342870 0.088354 0.310806 0.074281 0.291565 0.065266 0.280019 0.051917 0.297333 0.041094 0.329407 0.038568 0.351213 0.051193 0.360833
3 0.382979 0.342000 0.407922 0.375259 0.417589 0.371380 0.445964 0.329250 0.448146 0.314287 0.433177 0.290444 0.443469 0.263843 0.438479 0.233907 0.430370 0.236120 0.417589 0.205083 0.407297 0.232796 0.389526 0.228917 0.386719 0.253861 0.389214 0.269935 0.390464 0.297657 0.382667 0.322593
3 0.438885 0.416056 0.469130 0.455407 0.504365 0.406630 0.505297 0.389444 0.490646 0.362287 0.499688 0.341222 0.497193 0.311843 0.488771 0.313509 0.475677 0.281907 0.465078 0.309074 0.447302 0.303528 0.444495 0.335676 0.448552 0.342889 0.448859 0.375593
