8 0.313521 0.435204 0.332927 0.433287 0.344516 0.411731 0.339932 0.375796 0.333464 0.367657 0.333193 0.336991 0.331849 0.302019 0.317297 0.302981 0.308401 0.314481 0.304359 0.334120 0.305438 0.352324 0.309750 0.359991 0.309750 0.370528 0.302203 0.380111 0.297083 0.395926 0.299781 0.417963
9 0.429552 0.387935 0.441240 0.376806 0.439156 0.364935 0.457104 0.342676 0.450005 0.309278 0.450422 0.274407 0.431224 0.221713 0.425797 0.226167 0.427047 0.240269 0.419120 0.244722 0.401167 0.265500 0.398245 0.291472 0.379880 0.293694 0.372370 0.312991 0.381552 0.335250 0.383219 0.364935 0.401589 0.390167 0.413693 0.392389
11 0.404745 0.864231 0.397526 0.850769 0.397526 0.833444 0.404021 0.775722 0.429635 0.730833 0.442984 0.735963 0.449479 0.767389 0.470760 0.773157 0.472927 0.817417 0.477620 0.830241 0.475812 0.841148 0.465349 0.836657 0.452724 0.842426 0.452365 0.850769 0.445510 0.846917 0.424948 0.849481
11 0.518073 0.853602 0.519469 0.841602 0.511781 0.836213 0.500370 0.840361 0.492453 0.803917 0.479406 0.801435 0.474286 0.830009 0.475682 0.839528 0.471490 0.844907 0.467297 0.839528 0.456583 0.840769 0.449365 0.850704 0.451693 0.854435 0.460776 0.855259 0.464500 0.860231 0.464385 0.945528 0.468974 0.949333 0.468974 0.857833 0.472469 0.854472
13 0.162573 0.667407 0.175516 0.683731 0.185531 0.676306 0.200141 0.679278 0.210161 0.670370 0.225604 0.636981 0.220594 0.608778 0.212245 0.568713 0.186786 0.539769 0.153807 0.570935 0.155896 0.604324 0.147964 0.624361 0.154224 0.643657 0.158401 0.661463
14 0.439568 0.509009 0.452979 0.526194 0.462646 0.521759 0.474182 0.490722 0.472307 0.463009 0.496943 0.459676 0.491016 0.439167 0.496943 0.419213 0.494760 0.397037 0.454224 0.344380 0.409635 0.395380 0.410260 0.434731 0.424604 0.454694 0.429594 0.482407
6 0.791156 0.313944 0.798010 0.363333 0.824708 0.372954 0.843469 0.349861 0.844187 0.310102 0.837698 0.288296 0.835891 0.255583 0.820380 0.228009 0.811719 0.228648 0.800896 0.256870
10 0.334760 0.529454 0.385266 0.595500 0.393615 0.593269 0.433271 0.531676 0.432016 0.513130 0.432016 0.481963 0.425339 0.454500 0.385266 0.396620 0.363141 0.415176 0.341437 0.467120
2 0.903615 0.707278 0.914932 0.735065 0.942688 0.739852 0.966130 0.716380 0.962901 0.685241 0.957240 0.678537 0.956161 0.655537 0.945922 0.636852 0.933792 0.633500 0.919510 0.653620 0.916818 0.675176
2 0.753427 0.516796 0.787651 0.560389 0.821609 0.509611 0.806245 0.479907 0.800589 0.453556 0.784687 0.443019 0.772562 0.456426 0.767443 0.475111
1 0.131349 0.999667 0.103859 0.964407 0.109599 0.930074 0.105776 0.898528 0.138484 0.854296 0.140568 0.858324 0.140901 0.982037 0.144917 0.987917 0.152224 0.990694 0.144380 0.999667
1 0.058521 0.847741 0.037818 0.877120 0.004589 0.830731 0.007021 0.764852 0.037120 0.721241 0.043208 0.725880 0.063740 0.756500 0.015198 0.758667 0.010849 0.770111 0.010677 0.809389 0.015547 0.814333 0.070005 0.816815 0.056781 0.830111
1 0.109172 0.812194 0.120490 0.831361 0.117255 0.862500 0.121568 0.878787 0.105130 0.897954 0.108094 0.916157 0.088151 0.940593 0.053661 0.895083 0.057703 0.864417 0.054734 0.830880 0.059589 0.817944 0.102167 0.815074
0 0.071094 0.998861 0.081807 0.980639 0.097411 0.978157 0.105797 0.984778 0.108078 0.998861
0 0.001396 0.960611 0.018547 0.932343 0.034760 0.911833 0.053156 0.911833 0.063755 0.946204 0.076542 0.965046 0.076229 0.981676 0.063443 0.999972 0.012307 0.999417 0.000000 0.980204 0.000000 0.974667
6 0.755208 0.436361 0.782964 0.433481 0.799401 0.408574 0.786469 0.354435 0.783771 0.316111 0.767875 0.295981 0.760057 0.299343 0.750896 0.325213 0.751703 0.353954 0.742812 0.381741 0.745776 0.408093
8 0.226849 0.482176 0.232984 0.517454 0.254990 0.525787 0.279521 0.504620 0.273026 0.471917 0.265094 0.461657 0.265453 0.429583 0.267255 0.389176 0.254630 0.387898 0.243807 0.396231 0.242365 0.408417 0.238755 0.416120 0.238031 0.432148 0.243083 0.452676
8 0.283042 0.480907 0.305635 0.472213 0.312391 0.450269 0.306568 0.427083 0.299344 0.417556 0.298880 0.394370 0.298880 0.374083 0.300047 0.346750 0.283042 0.345093 0.273495 0.358343 0.271865 0.386917 0.277453 0.402241 0.276286 0.416315 0.267203 0.424593 0.263479 0.441991 0.266042 0.464343
