1 0.186875 0.270278 0.211359 0.305028 0.207203 0.329583 0.211135 0.343769 0.200130 0.356944 0.201927 0.369926 0.186203 0.390889 0.160031 0.355148 0.163964 0.330389 0.161380 0.301630
0 0.384984 0.787306 0.410995 0.822324 0.428891 0.822861 0.446031 0.794259 0.445281 0.778750 0.446182 0.770731 0.444828 0.753083 0.435807 0.734111 0.416260 0.728231 0.406938 0.738648 0.399870 0.760306
0 0.351151 0.735981 0.377313 0.771796 0.386484 0.771000 0.404682 0.745065 0.410995 0.734111 0.410547 0.720741 0.397161 0.707639 0.395359 0.694278 0.386333 0.677972 0.378667 0.678769 0.369495 0.692676 0.368594 0.707111 0.355964 0.718870
0 0.311286 0.684417 0.339406 0.719139 0.347073 0.720769 0.371885 0.686815 0.373240 0.673157 0.359406 0.655519 0.355948 0.637630 0.349932 0.626935 0.341062 0.627204 0.331286 0.639769 0.328729 0.655815 0.316703 0.665972
0 0.272208 0.631380 0.298521 0.667194 0.307693 0.668269 0.332505 0.635389 0.333557 0.622287 0.320927 0.601972 0.317917 0.586204 0.311151 0.576046 0.301677 0.575778 0.293109 0.584861 0.289500 0.600370 0.277922 0.613204
0 0.233078 0.581593 0.259589 0.612315 0.268688 0.616704 0.294422 0.582741 0.293641 0.569343 0.288573 0.559176 0.280776 0.554093 0.279214 0.536074 0.274797 0.524519 0.263880 0.521981 0.254391 0.533528 0.248932 0.551556 0.234380 0.566806
0 0.195245 0.528056 0.219391 0.559602 0.229391 0.564398 0.254214 0.530852 0.254323 0.515676 0.241406 0.499481 0.240620 0.483324 0.233771 0.472343 0.220401 0.474741 0.209281 0.497083 0.197151 0.513278
0 0.153250 0.465806 0.158083 0.477972 0.182641 0.511963 0.190490 0.511963 0.215854 0.476537 0.215854 0.458287 0.205589 0.449343 0.201766 0.430019 0.194719 0.419278 0.183646 0.418917 0.165729 0.443611
10 0.428391 0.054259 0.422734 0.091139 0.417078 0.117954 0.444984 0.150806 0.463089 0.171593 0.481568 0.152148 0.488734 0.134713 0.500422 0.118630 0.494766 0.103880 0.497031 0.081083 0.468745 0.079741 0.471010 0.037500 0.469500 0.014704 0.455922 0.007333 0.441594 0.029454
12 0.353245 0.489148 0.361792 0.460370 0.372156 0.445824 0.384891 0.442593 0.400349 0.453259 0.407802 0.473306 0.412167 0.499500 0.402531 0.509519 0.396891 0.526657 0.393437 0.547028 0.382526 0.534093 0.372156 0.547676 0.371974 0.533444 0.366156 0.521806 0.367427 0.513398 0.353063 0.495944
12 0.410349 0.599796 0.410979 0.587500 0.404536 0.578833 0.406266 0.565426 0.392115 0.550333 0.394630 0.541389 0.400604 0.517917 0.408151 0.502824 0.417896 0.496120 0.431411 0.497796 0.443047 0.514000 0.448078 0.536917 0.452479 0.550056 0.443047 0.561231 0.435187 0.578833 0.435500 0.594204 0.430630 0.597278 0.422771 0.587222
12 0.449255 0.651657 0.450672 0.638806 0.443911 0.628185 0.445323 0.618130 0.432750 0.602472 0.434005 0.591574 0.439036 0.570898 0.446740 0.556370 0.456484 0.548824 0.468745 0.549944 0.480219 0.562241 0.486510 0.586824 0.491698 0.604157 0.483839 0.611417 0.475818 0.627630 0.474719 0.646352 0.473620 0.656130 0.461359 0.637685
12 0.486083 0.698194 0.491437 0.712907 0.498745 0.707722 0.507510 0.715944 0.523094 0.701222 0.524307 0.677417 0.529177 0.655343 0.526255 0.637167 0.519927 0.615093 0.508724 0.601241 0.496307 0.599509 0.482672 0.609898 0.475859 0.630241 0.472448 0.648852 0.471964 0.655778 0.485109 0.667028 0.483161 0.687806
11 0.489776 0.308704 0.492500 0.295444 0.495958 0.281222 0.504687 0.281546 0.510505 0.308704 0.524510 0.309676 0.526693 0.330361 0.529604 0.351704 0.531969 0.363019 0.527604 0.368843 0.523781 0.363019 0.513781 0.363019 0.514688 0.374657 0.511052 0.401824 0.503958 0.409583 0.494865 0.409583 0.471406 0.380481 0.466677 0.370454 0.466130 0.360435 0.471766 0.350407 0.475042 0.311287
11 0.542333 0.331657 0.565979 0.364315 0.564885 0.382417 0.565797 0.400204 0.569797 0.407639 0.569432 0.415722 0.566344 0.420898 0.561797 0.416046 0.552339 0.424778 0.554521 0.443528 0.547062 0.460019 0.538698 0.462602 0.527240 0.458398 0.516328 0.438676 0.507958 0.429630 0.505052 0.421546 0.505776 0.410222 0.511599 0.402463 0.514510 0.364639 0.527057 0.362370 0.529604 0.360435 0.534698 0.336833
11 0.574708 0.392120 0.582708 0.392769 0.603443 0.421546 0.605807 0.432537 0.604536 0.444500 0.609625 0.456787 0.607443 0.473926 0.602531 0.469722 0.594167 0.468426 0.592531 0.479417 0.591255 0.503343 0.579802 0.510454 0.569432 0.509491 0.548333 0.479417 0.546880 0.457111 0.552880 0.446759 0.553427 0.425102
11 0.630427 0.558343 0.650000 0.535148 0.653573 0.518685 0.644948 0.505593 0.643052 0.465565 0.631271 0.468556 0.627062 0.464065 0.620958 0.439000 0.612542 0.438630 0.611490 0.450222 0.607911 0.458833 0.608964 0.465194 0.606016 0.471176 0.603073 0.466315 0.592974 0.468185 0.592552 0.483148 0.591078 0.503722 0.583714 0.518315 0.584766 0.527667 0.588760 0.536639 0.606437 0.556843 0.615906 0.551231 0.623271 0.552731
13 0.328802 0.217796 0.334016 0.206787 0.330760 0.186509 0.327172 0.180139 0.324891 0.153481 0.304031 0.127407 0.282521 0.147102 0.279583 0.177241 0.272089 0.191722 0.274698 0.203315 0.281214 0.215481 0.293276 0.239241 0.299141 0.241556 0.302073 0.236343 0.314464 0.238657
8 0.377224 0.079315 0.394026 0.075463 0.400844 0.060704 0.399141 0.039537 0.391349 0.028287 0.392708 0.000000 0.370474 0.000000 0.370651 0.011787 0.374792 0.016120 0.374547 0.028676 0.367245 0.038630 0.364078 0.049880 0.366026 0.066333
8 0.344953 0.061704 0.337911 0.081241 0.342135 0.109787 0.358474 0.114287 0.374812 0.102269 0.374812 0.082241 0.365521 0.064213 0.364953 0.051185 0.366927 0.038667 0.364109 0.028148 0.365802 0.013630 0.360167 0.005111 0.349177 0.013130 0.348615 0.023639 0.344109 0.030657
5 0.478875 0.175407 0.499812 0.204843 0.503469 0.201852 0.510771 0.178917 0.512474 0.165065 0.516615 0.161167 0.515156 0.148611 0.512719 0.135630 0.500057 0.121306 0.495677 0.127407 0.488130 0.137361 0.483260 0.155926
4 0.448589 0.761519 0.461005 0.758056 0.475859 0.764546 0.479021 0.791389 0.476833 0.802639 0.486328 0.824713 0.471474 0.823852 0.470255 0.829481 0.469042 0.871028 0.465875 0.869731 0.464656 0.833806 0.460760 0.824713 0.440307 0.822120 0.442016 0.809565 0.445177 0.800472 0.444937 0.786630
4 0.489250 0.812685 0.508724 0.820037 0.524552 0.802296 0.527719 0.779352 0.516516 0.751648 0.517490 0.732176 0.513594 0.711833 0.499474 0.704037 0.486568 0.713565 0.482187 0.738667 0.483646 0.748620 0.478536 0.765500 0.477563 0.781519 0.478047 0.797963
4 0.530724 0.763685 0.547349 0.767796 0.561026 0.754704 0.567130 0.732259 0.559557 0.706824 0.555786 0.701213 0.556609 0.681759 0.552630 0.659685 0.539563 0.654444 0.525677 0.661185 0.521469 0.684370 0.524016 0.697843 0.518943 0.712056 0.516016 0.727398 0.517260 0.743481
4 0.593469 0.614231 0.595370 0.627759 0.594552 0.646593 0.601615 0.663500 0.604740 0.687648 0.588708 0.714463 0.569964 0.710352 0.556786 0.693685 0.555427 0.678954 0.556651 0.672676 0.558005 0.654083 0.563172 0.648769 0.561406 0.628481 0.564802 0.609639 0.578115 0.602157 0.589797 0.607222
4 0.605240 0.551417 0.619849 0.550120 0.633240 0.559639 0.635188 0.590806 0.643708 0.617213 0.643464 0.639287 0.625203 0.665685 0.604755 0.655731 0.594771 0.636685 0.595016 0.623704 0.600859 0.593833 0.601099 0.578250
2 0.748062 0.108231 0.775333 0.138528 0.799922 0.103472 0.796026 0.085287 0.785557 0.078796 0.781906 0.049796 0.772167 0.045037 0.758776 0.068843 0.760964 0.077926
2 0.869417 0.255287 0.877563 0.284843 0.895490 0.291213 0.918958 0.268620 0.917656 0.242546 0.911786 0.236167 0.908854 0.212407 0.896792 0.200241 0.886036 0.208352 0.881802 0.224583
1 0.460750 0.754417 0.486495 0.720287 0.483875 0.702444 0.485187 0.665204 0.459875 0.635806 0.434964 0.670713 0.439151 0.693981 0.434964 0.723389
1 0.421542 0.583806 0.447479 0.618741 0.442604 0.642213 0.445750 0.658426 0.435849 0.670157 0.438047 0.691120 0.424594 0.709787 0.390766 0.671194 0.396312 0.644250 0.395307 0.615528
1 0.382229 0.532954 0.406594 0.563972 0.402823 0.585204 0.406281 0.606167 0.397318 0.617620 0.398260 0.631593 0.383490 0.651713 0.356135 0.617620 0.359911 0.591074 0.358021 0.564806
1 0.343885 0.478213 0.367875 0.511880 0.364927 0.535074 0.367245 0.551907 0.357563 0.565750 0.359458 0.578843 0.342203 0.600537 0.317583 0.565000 0.320318 0.540306 0.318844 0.513000
1 0.303349 0.425917 0.328208 0.459491 0.325219 0.485093 0.329568 0.499102 0.317479 0.514315 0.321010 0.525907 0.304979 0.545472 0.277943 0.513833 0.281750 0.486778 0.279438 0.459731
1 0.264995 0.375593 0.289708 0.409537 0.286339 0.432907 0.289479 0.450074 0.279370 0.461259 0.280833 0.472639 0.265177 0.495241 0.237052 0.461435 0.241667 0.434380 0.240307 0.407806
1 0.224984 0.321481 0.251380 0.358019 0.247000 0.380981 0.250370 0.394759 0.240260 0.409537 0.241833 0.424120 0.225771 0.443685 0.199177 0.407963 0.203344 0.381565 0.200724 0.355324
