14 0.577385 0.333648 0.626005 0.265102 0.620417 0.184639 0.573474 0.117083 0.517036 0.187620 0.525979 0.227352 0.522068 0.268083
0 0.278802 0.774093 0.233406 0.711417 0.235818 0.690815 0.253688 0.673639 0.267698 0.635861 0.279771 0.625556 0.291359 0.625556 0.306333 0.663333 0.315510 0.676213 0.315510 0.719148
0 0.674786 0.457704 0.713906 0.401037 0.711974 0.380426 0.693135 0.360676 0.688307 0.333204 0.674302 0.311741 0.658365 0.315176 0.643875 0.345222 0.622141 0.382148 0.625521 0.396741 0.656917 0.444824
1 0.163667 0.332685 0.203271 0.276019 0.198437 0.239102 0.199406 0.197889 0.162698 0.148093 0.124062 0.200463 0.130344 0.234806 0.125031 0.276880
2 0.024120 0.397926 0.038646 0.369120 0.050380 0.343287 0.064911 0.333352 0.088380 0.346269 0.091734 0.386009 0.104026 0.407861 0.097323 0.417796 0.087260 0.461509 0.068823 0.465481 0.058203 0.457528 0.056526 0.408852 0.031380 0.403889
2 0.886688 0.074528 0.888130 0.094407 0.895344 0.111083 0.899313 0.146361 0.889214 0.170731 0.879109 0.179074 0.859271 0.175222 0.851333 0.150213 0.856385 0.138667 0.858547 0.109167 0.835099 0.111731 0.825719 0.103389 0.834740 0.084148 0.852776 0.057213 0.864682 0.049519 0.877667 0.055926
4 0.194859 -0.000000 0.208630 0.032176 0.200417 0.055361 0.172891 0.091426 0.141500 0.066528 0.125078 0.030463 0.130635 0.000000
8 0.342797 0.409102 0.367427 0.411676 0.387229 0.391074 0.382880 0.352435 0.377568 0.336981 0.379984 0.289759 0.373708 0.270009 0.374188 0.241676 0.355354 0.237389 0.340865 0.269148 0.330724 0.291472 0.330240 0.347287 0.329755 0.369611
11 0.428271 0.000000 0.423547 0.008398 0.390708 0.037593 0.375734 0.041019 0.365109 0.016981 0.339182 0.000000
12 0.724578 0.133833 0.681594 0.196519 0.662760 0.201667 0.656000 0.186213 0.649234 0.165602 0.650203 0.155306 0.643922 0.138991 0.631365 0.146713 0.621708 0.144139 0.613016 0.129546 0.611563 0.107222 0.621708 0.094343 0.629432 0.068583 0.636198 0.057426 0.649719 0.024796 0.670005 0.015352 0.687391 0.017926 0.704776 0.053130 0.711536 0.084898 0.721682 0.103787
12 0.119089 0.171787 0.124885 0.134870 0.110396 0.116833 0.101219 0.080778 0.086245 0.047287 0.062099 0.042139 0.061130 0.074769 0.053406 0.091083 0.026359 0.091935 0.026844 0.103102 0.050990 0.103954 0.056302 0.113398 0.055818 0.174361 0.050990 0.182093 0.049542 0.195824 0.055339 0.200120 0.057750 0.222444 0.070792 0.227593 0.078521 0.215574 0.084797 0.173509 0.105568 0.170074
7 0.217089 0.163019 0.255490 0.210509 0.265927 0.208287 0.303495 0.162278 0.298068 0.142241 0.288469 0.130370 0.292224 0.105880 0.280536 0.082130 0.264255 0.094750 0.245057 0.079907 0.237542 0.089556 0.240047 0.106620 0.229193 0.134074
3 0.509214 0.072278 0.500271 0.091157 0.512010 0.113009 0.511448 0.131889 0.470656 0.178574 0.433219 0.132880 0.449979 0.099102 0.449979 0.068306 0.443833 0.052417 0.449979 0.021620 0.451099 0.034528 0.454453 0.036519 0.458365 0.075259 0.471214 0.085194 0.487422 0.079231 0.490776 0.040491 0.500833 0.032546
