0 0.001453 0.106102 0.018568 0.117972 0.020234 0.138750 0.029417 0.150630 0.029417 0.163981 0.021073 0.171407 0.020651 0.192926 0.027750 0.198120 0.038187 0.187731 0.055719 0.206278 0.062396 0.243380 0.000000 0.326574 0.000000 0.234778
1 0.304635 0.458130 0.369458 0.539593 0.428130 0.456139 0.424219 0.383620 0.425896 0.325009 0.367224 0.253481 0.307432 0.333954 0.316932 0.397528
1 0.275578 0.435278 0.196786 0.336926 0.204052 0.299176 0.219698 0.284278 0.215786 0.207787 0.274464 0.131287 0.334255 0.208778 0.327547 0.262426 0.334255 0.304148 0.309109 0.337926 0.316370 0.374676
1 0.178906 0.294213 0.116318 0.208778 0.127495 0.151157 0.122469 0.083602 0.180583 0.007111 0.242052 0.086583 0.233667 0.136259 0.242052 0.178972 0.214667 0.211759 0.220818 0.244537
1 0.086438 0.170880 0.125677 0.118935 0.123589 0.081833 0.146964 0.055120 0.142474 0.000000 0.032531 0.000000 0.035932 0.028407 0.037599 0.062537 0.025495 0.079611 0.028417 0.095935
4 0.326375 0.786889 0.375635 0.815222 0.407031 0.808352 0.434557 0.746537 0.424901 0.694157 0.405099 0.652093 0.409443 0.616028 0.403167 0.568806 0.391094 0.555065 0.370323 0.548194 0.339901 0.557639 0.333135 0.570519 0.334104 0.587694 0.326859 0.625472 0.332656 0.651231 0.319130 0.677843 0.319130 0.709611 0.310437 0.737093
4 0.436974 0.683852 0.488167 0.686435 0.523422 0.636630 0.526807 0.608296 0.501693 0.533602 0.501208 0.494102 0.495411 0.444306 0.482375 0.431426 0.459193 0.421120 0.431177 0.435722 0.425385 0.458046 0.423932 0.519009 0.409443 0.571380 0.407995 0.598000 0.407031 0.631481
4 0.523422 0.550769 0.551917 0.555926 0.578000 0.566231 0.605526 0.535315 0.619531 0.492389 0.610359 0.443444 0.591521 0.408250 0.594901 0.372185 0.590073 0.322389 0.578964 0.308648 0.554333 0.297491 0.520526 0.313796 0.515214 0.358444 0.520042 0.401380 0.506521 0.428852 0.506521 0.463194 0.498792 0.484657 0.505073 0.517287
4 0.623880 0.433148 0.647062 0.434861 0.674109 0.440870 0.712260 0.386778 0.705984 0.320667 0.683766 0.281176 0.689078 0.251981 0.685698 0.217639 0.681354 0.192741 0.667349 0.184148 0.649479 0.178139 0.621464 0.185009 0.613740 0.195315 0.612292 0.221074 0.607458 0.246833 0.612292 0.274306 0.602146 0.305213 0.597318 0.333546 0.593453 0.357593 0.597318 0.392787
12 0.478937 0.436843 0.491219 0.421898 0.514495 0.413852 0.519021 0.366731 0.521609 0.316157 0.536479 0.304657 0.525490 0.267880 0.511911 0.212704 0.479583 0.169028 0.451135 0.170176 0.425917 0.186269 0.403937 0.228796 0.391651 0.286269 0.400703 0.308111 0.424625 0.329944 0.420745 0.375926 0.434969 0.378222 0.434323 0.418454 0.444021 0.436843 0.455661 0.428796 0.466005 0.427648
12 0.339656 0.291306 0.342073 0.256963 0.330479 0.239787 0.329031 0.209741 0.299573 0.167667 0.303917 0.139333 0.318406 0.088676 0.341589 0.055185 0.371052 0.045741 0.402443 0.058620 0.423208 0.105843 0.442526 0.183981 0.428042 0.184843 0.403406 0.228630 0.397130 0.287009 0.366703 0.258676
12 0.244995 0.167667 0.247896 0.129028 0.235339 0.108426 0.237750 0.087815 0.204911 0.045741 0.213120 0.001954 0.267927 0.000000 0.334078 0.000000 0.349797 0.052611 0.330479 0.067213 0.304885 0.117870 0.300052 0.163370 0.273490 0.135037
4 0.709365 0.309509 0.739792 0.306935 0.764422 0.317231 0.796781 0.276880 0.805474 0.237389 0.793885 0.187583 0.778911 0.155815 0.784224 0.112028 0.774563 0.068241 0.763458 0.058796 0.740276 0.048491 0.712260 0.058796 0.706469 0.070815 0.706948 0.093139 0.700672 0.119759 0.705016 0.148944 0.696323 0.176426 0.690047 0.209046 0.686182 0.227083 0.689562 0.260565
11 0.837229 0.004926 0.766823 0.070491 0.751177 0.068509 0.743911 0.053602 0.733854 0.053602 0.731057 0.066519 0.721000 0.067509 0.668714 0.000000 0.697276 0.000000
0 0.191000 0.625130 0.212250 0.655176 0.230604 0.649167 0.246542 0.668917 0.260547 0.695537 0.282766 0.710130 0.305464 0.665481 0.332510 0.632000 0.332995 0.609676 0.336375 0.593361 0.333958 0.577046 0.327677 0.569315 0.329609 0.534120 0.305948 0.488611 0.290490 0.484315 0.282281 0.493759 0.273589 0.483463 0.254271 0.478306 0.236880 0.502352 0.227224 0.540981 0.228188 0.556444 0.207422 0.586491 0.193417 0.610528
0 0.109458 0.492241 0.174036 0.574343 0.189188 0.574981 0.226708 0.520463 0.247630 0.495454 0.251240 0.467870 0.240417 0.451843 0.213359 0.424907 0.215161 0.403741 0.205063 0.378083 0.194240 0.359481 0.175479 0.354991 0.152391 0.388343 0.147698 0.430676 0.134714 0.435806 0.114870 0.460815
0 0.013495 0.365259 0.084203 0.455046 0.098995 0.450556 0.156719 0.374231 0.157078 0.344731 0.143370 0.321000 0.123891 0.306250 0.121724 0.278028 0.111620 0.244685 0.087453 0.229287 0.065807 0.254306 0.054260 0.301120 0.040193 0.312028 0.020349 0.343454
