0 0.432839 0.678491 0.451974 0.701380 0.456672 0.700454 0.466766 0.684991 0.472156 0.676639 0.471807 0.669213 0.469198 0.664574 0.466938 0.655296 0.454411 0.641074 0.448495 0.642926 0.444323 0.648491 0.442927 0.659935 0.435797 0.668287
0 0.454240 0.711593 0.478073 0.735407 0.489901 0.721491 0.493557 0.713444 0.494078 0.699833 0.493557 0.687778 0.486599 0.674787 0.470938 0.673852 0.466417 0.680972 0.465547 0.692722
1 0.386786 0.502880 0.389047 0.517722 0.387828 0.536898 0.404531 0.560093 0.413927 0.544944 0.413229 0.537519 0.419844 0.527000 0.417755 0.520815 0.420536 0.502880 0.403661 0.480917
0 0.333146 0.545185 0.352109 0.569000 0.356286 0.569935 0.372641 0.547657 0.374031 0.539620 0.365505 0.528176 0.363594 0.516731 0.358724 0.509620 0.352286 0.511167 0.344979 0.522611 0.339760 0.531574
1 0.428891 0.515556 0.444719 0.537824 0.443849 0.551741 0.444198 0.562259 0.437938 0.568759 0.438807 0.579583 0.428891 0.592259 0.412536 0.571231 0.414099 0.554222 0.413057 0.537519
0 0.358896 0.577972 0.369161 0.592204 0.379427 0.602713 0.389865 0.592204 0.398391 0.577972 0.398042 0.570241 0.389516 0.560343 0.387604 0.547657 0.382036 0.541472 0.376469 0.544259 0.371250 0.551685 0.368641 0.560037 0.361682 0.569000
1 0.454813 0.626593 0.437068 0.606185 0.439328 0.588546 0.437411 0.570611 0.453594 0.547722 0.469250 0.569065 0.467167 0.585454 0.470120 0.595972 0.463510 0.602472 0.464208 0.612056
1 0.478823 0.662167 0.457771 0.638037 0.459682 0.627213 0.463859 0.621648 0.462641 0.603398 0.478297 0.582361 0.494479 0.602778 0.492740 0.616074 0.493958 0.627833 0.486823 0.636806 0.489432 0.651028
1 0.503875 0.690926 0.486474 0.669583 0.489260 0.652889 0.487172 0.637417 0.503354 0.614222 0.519708 0.634019 0.517271 0.651028 0.519531 0.668352
4 0.493917 0.761148 0.511620 0.764870 0.521635 0.745000 0.520495 0.728019 0.514672 0.720157 0.514906 0.709806 0.512552 0.694898 0.503260 0.690343 0.494849 0.696556 0.492286 0.708565 0.492755 0.716843 0.489026 0.730917 0.487167 0.742102
0 0.383776 0.611685 0.401698 0.636120 0.406391 0.634880 0.422745 0.613231 0.422224 0.606120 0.417354 0.596528 0.414224 0.593435 0.413005 0.583231 0.407786 0.575185 0.402568 0.576426 0.397344 0.581380 0.395083 0.591583 0.387776 0.601167
4 0.524646 0.727046 0.534719 0.730259 0.545245 0.715287 0.544042 0.700315 0.538479 0.688824 0.539833 0.674926 0.536672 0.661824 0.527349 0.659685 0.519531 0.664769 0.518026 0.676528 0.518781 0.686685 0.514568 0.696306 0.514719 0.702722 0.513214 0.709139 0.518630 0.724380
4 0.550807 0.697917 0.563891 0.694972 0.569604 0.678398 0.563437 0.657009 0.564339 0.642046 0.562234 0.630278 0.555922 0.625204 0.545245 0.634028 0.542234 0.643380 0.543891 0.655139 0.539078 0.666370 0.538026 0.673852 0.540281 0.685620 0.542839 0.692565
12 0.519422 0.644796 0.518724 0.655972 0.522937 0.662185 0.528531 0.659704 0.536656 0.665083 0.544109 0.654731 0.543880 0.637759 0.549000 0.630306 0.545276 0.617463 0.542016 0.601731 0.532932 0.591380 0.521984 0.591796 0.511995 0.608361 0.510339 0.623676 0.518958 0.632787
12 0.523161 0.592861 0.520432 0.585472 0.518615 0.574380 0.512115 0.562593 0.502760 0.557972 0.494052 0.562824 0.487813 0.576694 0.485734 0.592398 0.494313 0.603028 0.493531 0.613194 0.496651 0.624287 0.502885 0.615963 0.510427 0.623824 0.513286 0.610194 0.516792 0.600028
12 0.496302 0.556324 0.494078 0.543037 0.486995 0.529750 0.478839 0.524917 0.468344 0.530787 0.463198 0.544241 0.460589 0.559954 0.465635 0.564954 0.469615 0.569269 0.468646 0.577556 0.471063 0.592398 0.477479 0.582556 0.479516 0.581519 0.484953 0.591019 0.487276 0.588602 0.488448 0.576861 0.493208 0.565472 0.495625 0.562194
12 0.435641 0.519907 0.440688 0.502306 0.448062 0.494028 0.457479 0.492639 0.465052 0.499546 0.470490 0.515944 0.474083 0.527333 0.468255 0.531815 0.462917 0.542176 0.460880 0.557537 0.459229 0.557880 0.453698 0.549426 0.447484 0.559435 0.446417 0.555981 0.447182 0.548731 0.443307 0.543213 0.444375 0.536481 0.433599 0.522843
0 0.409349 0.645398 0.425182 0.666435 0.430922 0.668907 0.444495 0.649731 0.448495 0.643852 0.446583 0.633648 0.439448 0.627148 0.437188 0.616324 0.433010 0.608287 0.427620 0.607972 0.422224 0.615398 0.419443 0.624981 0.412484 0.633028
0 0.310354 0.510546 0.325667 0.533435 0.331583 0.536528 0.349500 0.513019 0.347068 0.504361 0.341151 0.495389 0.340109 0.485806 0.336281 0.477139 0.326187 0.476213 0.316448 0.491991
