3 0.315526 0.228713 0.344385 0.274250 0.385516 0.220370 0.377937 0.194722 0.371083 0.194074 0.379740 0.172269 0.373250 0.138278 0.364589 0.145333 0.357734 0.128019 0.348719 0.129296 0.344750 0.140204 0.328875 0.137639 0.324906 0.157519 0.328875 0.173556 0.331036 0.195361
3 0.319354 0.698500 0.332714 0.711111 0.346490 0.731889 0.372370 0.704435 0.382802 0.678463 0.377375 0.658426 0.371948 0.656194 0.379047 0.636907 0.372786 0.605000 0.367776 0.609444 0.359010 0.592380 0.350661 0.593861 0.343568 0.607222 0.328120 0.597574 0.322693 0.620583 0.328120 0.637648 0.328958 0.663620
3 0.066984 0.701685 0.093281 0.732852 0.132938 0.684620 0.116661 0.659389 0.127510 0.631935 0.117495 0.597796 0.108313 0.609667 0.101214 0.583694 0.089109 0.598537 0.073250 0.600028 0.067406 0.625250 0.072411 0.638611 0.074083 0.660870 0.065734 0.680907
2 0.382229 0.848972 0.386281 0.832954 0.400313 0.806287 0.415594 0.793046 0.433052 0.804630 0.438667 0.837333 0.439911 0.852352 0.427755 0.846204 0.416839 0.853463 0.408734 0.855685 0.405927 0.867824 0.403120 0.866157 0.400313 0.853963 0.387844 0.853463
1 0.603953 0.437287 0.636068 0.390722 0.632016 0.357463 0.634823 0.339722 0.632948 0.315333 0.602703 0.273204 0.569964 0.318111 0.571526 0.346380 0.574333 0.354694 0.572146 0.390722
1 0.425354 0.712611 0.431901 0.722593 0.433458 0.732009 0.449672 0.752519 0.460276 0.753630 0.490828 0.719269 0.492078 0.678241 0.461521 0.637222 0.431276 0.681019
0 0.039953 0.929833 0.073495 0.972074 0.083974 0.975796 0.112854 0.937704 0.114953 0.921556 0.109828 0.910370 0.098646 0.902463 0.096781 0.884287 0.089099 0.864824 0.076286 0.861889 0.066042 0.874769 0.061151 0.894222 0.048802 0.909963
0 0.487474 0.295694 0.522240 0.339778 0.530859 0.337861 0.547302 0.306713 0.551344 0.280843 0.556193 0.274620 0.551344 0.266954 0.542990 0.231981 0.529781 0.234852 0.520354 0.231019 0.506875 0.243954 0.501755 0.260722 0.493401 0.276056
0 0.520594 0.682843 0.486365 0.634602 0.489703 0.616056 0.501391 0.605667 0.505146 0.578944 0.515583 0.567074 0.531443 0.566333 0.540208 0.586370 0.551896 0.590824 0.556073 0.609370 0.561500 0.629407
1 0.000000 0.728287 0.032109 0.683954 0.031172 0.617991 0.000000 0.579620
2 0.020167 0.882898 0.031703 0.906176 0.044177 0.901194 0.061635 0.882898 0.063818 0.851852 0.054151 0.838000 0.052594 0.815269 0.017984 0.815824 0.011437 0.810287 0.000208 0.845759 0.002703 0.862389
4 0.056182 0.000000 0.052964 0.021167 0.062703 0.054519 0.064865 0.065426 0.051880 0.092361 0.023380 0.094287 0.008589 0.076963 0.002453 0.060935 0.009307 0.051315 0.009307 0.059009 0.021937 0.076324 0.036365 0.065426 0.037089 0.028222 0.023021 0.016037 0.016161 0.022454 0.010984 0.000000
13 0.264964 0.549648 0.241578 0.525806 0.249995 0.488667 0.255917 0.478139 0.260286 0.457074 0.284292 0.425481 0.307677 0.447093 0.315161 0.478139 0.321396 0.494769 0.321708 0.526361 0.313604 0.551306 0.298010 0.564611 0.277745 0.566824
12 0.191531 0.817750 0.193161 0.828519 0.203411 0.841769 0.197589 0.865778 0.196891 0.857917 0.191531 0.854185 0.145182 0.853361 0.139359 0.859157 0.140057 0.874472 0.131443 0.874065 0.115604 0.858741 0.113505 0.847148 0.123057 0.832241 0.126318 0.816509
12 0.321208 0.822204 0.331813 0.844370 0.328380 0.854352 0.278807 0.853796 0.274443 0.857120 0.273193 0.876519 0.262281 0.864324 0.260411 0.856565 0.246688 0.851583 0.236401 0.853796 0.243885 0.837722 0.257604 0.804463 0.260099 0.811667 0.265089 0.818870 0.315911 0.816657
12 0.005542 0.244870 0.023911 0.205537 0.026411 0.200343 0.024745 0.193667 0.020151 0.175111 0.012224 0.138009 0.000115 0.114259 0.000000 0.119417 0.000000 0.230861
12 0.409510 0.210741 0.436953 0.236231 0.452229 0.265056 0.465635 0.265056 0.508354 0.209630 0.503677 0.178028 0.494635 0.168611 0.490271 0.140343 0.475302 0.114287 0.452229 0.109296 0.435078 0.123713 0.427911 0.161954 0.419490 0.183019
11 0.190505 0.000000 0.192781 0.005528 0.189974 0.022713 0.194339 0.036574 0.195583 0.052093 0.194026 0.080361 0.168771 0.106972 0.150063 0.106972 0.120443 0.065954 0.118880 0.039898 0.125432 0.023269 0.123870 0.000000
11 0.321297 0.030657 0.326708 0.049259 0.323464 0.069787 0.308313 0.091593 0.296406 0.103130 0.278370 0.112111 0.246979 0.068500 0.244818 0.043491 0.255276 0.029380 0.253833 0.000519 0.264344 0.000000 0.319307 0.000000
11 0.038250 0.616435 0.058208 0.572648 0.067557 0.553806 0.064443 0.537176 0.062880 0.509454 0.037625 0.477306 0.028896 0.473426 0.000833 0.509454 0.001458 0.531630 0.000000 0.537000 0.000000 0.575417 0.024219 0.607574
11 0.415193 0.623472 0.451510 0.572269 0.454016 0.550009 0.446500 0.529231 0.446500 0.509935 0.417281 0.473574 0.407682 0.473574 0.380969 0.509935 0.380130 0.532194 0.373036 0.552972 0.387229 0.587111
10 0.219094 0.493759 0.168167 0.412870 0.173177 0.395806 0.176099 0.363898 0.191958 0.321602 0.211161 0.293398 0.225771 0.290435 0.260833 0.338667 0.268349 0.381704 0.277531 0.415102 0.263755 0.447750
9 0.136359 0.574870 0.151807 0.573380 0.180609 0.534056 0.180188 0.497694 0.173094 0.481370 0.174344 0.446491 0.155562 0.398250 0.146380 0.400481 0.150135 0.420519 0.142620 0.416806 0.127594 0.431648 0.119667 0.463556 0.099630 0.467269 0.105057 0.500657 0.102969 0.519954 0.113401 0.540731
7 0.258073 0.161343 0.296422 0.216222 0.309516 0.207907 0.331969 0.179083 0.327917 0.158019 0.326979 0.140833 0.317000 0.119222 0.316068 0.108130 0.300474 0.097602 0.297047 0.105917 0.283016 0.118111 0.275219 0.125870
7 0.141745 0.210657 0.170964 0.189139 0.176807 0.162426 0.171802 0.120130 0.163453 0.120130 0.148005 0.100093 0.133813 0.100833 0.125885 0.114935 0.121708 0.137935 0.116703 0.146843 0.119625 0.169843 0.120042 0.187657
8 0.397417 0.495046 0.387760 0.479593 0.386792 0.444389 0.392109 0.428935 0.391625 0.397167 0.404661 0.379139 0.406594 0.367120 0.420604 0.364546 0.424464 0.380000 0.430260 0.396315 0.429776 0.414343 0.440885 0.452981 0.440885 0.477880 0.429297 0.491620 0.415771 0.474444 0.408526 0.474444
4 0.390823 0.000000 0.393911 0.012083 0.385557 0.036991 0.384208 0.060944 0.389057 0.081065 0.404151 0.096880 0.421125 0.099278 0.442958 0.066213 0.442688 0.046093 0.433526 0.024056 0.432292 0.000000
5 0.434312 0.342676 0.446833 0.378296 0.427214 0.401296 0.424292 0.376806 0.420953 0.365676 0.406344 0.370130 0.395495 0.394620 0.383385 0.382741 0.385474 0.359000 0.390068 0.351574 0.391318 0.332287 0.413443 0.308537
5 0.048943 0.393241 0.055411 0.390361 0.060802 0.371685 0.052984 0.351556 0.045708 0.330000 0.054333 0.318028 0.052177 0.302694 0.044359 0.291676 0.032234 0.307481 0.024151 0.314667 0.011755 0.342454 0.003672 0.369769 0.009057 0.393241 0.021453 0.380787 0.025766 0.366889 0.037354 0.363537
6 0.499932 0.492278 0.481146 0.493759 0.469042 0.474463 0.468625 0.438843 0.469042 0.400259 0.481146 0.372806 0.488240 0.363898 0.507443 0.375028 0.515375 0.421778 0.520385 0.450722 0.514958 0.479657
7 0.266594 0.757935 0.267849 0.734935 0.282036 0.721574 0.284958 0.690407 0.296646 0.685213 0.311677 0.705250 0.326286 0.706731 0.329625 0.718611 0.328792 0.732704 0.340057 0.755713
7 0.182151 0.753787 0.174214 0.730704 0.159062 0.713389 0.160865 0.697352 0.139943 0.688370 0.133448 0.705685 0.117573 0.706333 0.115771 0.715954 0.119016 0.731343 0.106031 0.752509 0.114328 0.770463 0.120823 0.761491 0.125151 0.757000
8 0.017609 0.490454 0.009307 0.464796 0.012198 0.394250 0.017245 0.380778 0.022297 0.380778 0.024464 0.369870 0.036005 0.366028 0.045385 0.378852 0.048630 0.401306 0.048630 0.420546 0.046469 0.429519 0.054766 0.463509 0.048271 0.487241 0.042500 0.487241 0.034203 0.475694 0.028432 0.474417
4 0.593380 0.588167 0.565943 0.579296 0.557214 0.546037 0.564073 0.510009 0.568125 0.500583 0.565943 0.477306 0.570620 0.461231 0.585901 0.449037 0.603984 0.455685 0.609594 0.490056 0.606167 0.506685 0.618328 0.533296 0.619260 0.552139
3 0.065698 0.233269 0.093115 0.264694 0.130276 0.216593 0.125583 0.201194 0.113677 0.195426 0.121974 0.174898 0.118729 0.144120 0.113677 0.147324 0.102135 0.128722 0.099609 0.138981 0.090589 0.138981 0.081208 0.140907 0.073271 0.140269 0.071469 0.155019 0.073995 0.185806 0.077240 0.202481
