5 0.570073 0.527954 0.577349 0.520296 0.576807 0.502565 0.565490 0.481491 0.561448 0.467593 0.538271 0.479093 0.543661 0.498250 0.538813 0.513583 0.545818 0.525565 0.550130 0.518380 0.551208 0.510231 0.561177 0.506398 0.565490 0.515019
14 0.451896 0.463509 0.463802 0.450685 0.460552 0.429519 0.463438 0.405787 0.435661 0.369231 0.405719 0.404509 0.410047 0.429519 0.405719 0.444269 0.421589 0.469287 0.428083 0.455176 0.436380 0.450685 0.443958 0.450046
12 0.557464 0.403472 0.571807 0.422315 0.583964 0.440611 0.591760 0.441167 0.601115 0.434509 0.618885 0.406241 0.617953 0.385731 0.612651 0.379639 0.607286 0.359407 0.601208 0.347046 0.587458 0.340556 0.575297 0.346102 0.567969 0.370546 0.564854 0.383241
11 0.367891 0.316074 0.380703 0.333463 0.395375 0.339676 0.411911 0.329731 0.408885 0.312343 0.414005 0.283778 0.414005 0.268037 0.407255 0.263074 0.402359 0.268454 0.400031 0.265139 0.400266 0.250648 0.391182 0.246093 0.372318 0.271352 0.372781 0.285019
11 0.447828 0.309648 0.466458 0.341120 0.474146 0.339463 0.485323 0.335741 0.500229 0.317102 0.501161 0.296815 0.497438 0.291852 0.496505 0.271556 0.477870 0.246713 0.471583 0.246306 0.454813 0.271972 0.453651 0.288120
11 0.560422 0.672306 0.580365 0.645000 0.584677 0.630630 0.580365 0.618167 0.580094 0.596130 0.568240 0.590861 0.562578 0.578880 0.554766 0.578407 0.548026 0.592778 0.537516 0.598046 0.535359 0.615296 0.530240 0.628231 0.533745 0.637815
10 0.436891 0.589278 0.468693 0.542713 0.461521 0.519991 0.461521 0.477861 0.443125 0.452917 0.424417 0.453472 0.419740 0.469546 0.406646 0.495046 0.406958 0.514444 0.405708 0.548259
8 0.568063 0.590500 0.578042 0.574972 0.570870 0.549481 0.569625 0.530074 0.567130 0.521204 0.567438 0.507352 0.559958 0.501806 0.551224 0.510120 0.547172 0.521204 0.541870 0.533954 0.544057 0.547815 0.538443 0.566657 0.544990 0.587722 0.549667 0.588833 0.554969 0.578861 0.559958 0.575528
7 0.493260 0.784509 0.508542 0.767880 0.506359 0.750139 0.507917 0.737944 0.505109 0.727417 0.483906 0.715769 0.471125 0.743491 0.464578 0.751806 0.463641 0.765102 0.469568 0.770648 0.478297 0.766769 0.485156 0.771759
7 0.357953 0.377250 0.379234 0.406750 0.390781 0.402259 0.407016 0.379176 0.404849 0.345824 0.395833 0.334917 0.378156 0.331713
7 0.460276 0.376917 0.478672 0.409074 0.488958 0.403528 0.509536 0.379139 0.502677 0.353639 0.504859 0.341444 0.495818 0.328139 0.475552 0.335898 0.471500 0.358630
6 0.623229 0.584139 0.613214 0.588685 0.602500 0.587444 0.593417 0.576685 0.595745 0.551426 0.594818 0.531963 0.600406 0.512093 0.609255 0.500491 0.621833 0.513333 0.623000 0.540657 0.625557 0.555981
4 0.676141 0.651463 0.662937 0.648111 0.650807 0.633259 0.652693 0.612176 0.657818 0.596370 0.656469 0.573370 0.662125 0.562352 0.671557 0.561880 0.683417 0.568583 0.687188 0.585833 0.685031 0.599722 0.691500 0.615056 0.692307 0.630861
4 0.552229 0.331241 0.561688 0.334463 0.574573 0.322296 0.579807 0.308343 0.577792 0.291880 0.570745 0.282213 0.572958 0.271833 0.569740 0.251435 0.558266 0.244278 0.543974 0.253583 0.544375 0.281139 0.540151 0.296528 0.539141 0.314065
4 0.302552 0.329759 0.318453 0.334074 0.331656 0.312991 0.331120 0.296222 0.324380 0.281852 0.325729 0.269880 0.321417 0.249278 0.310906 0.245926 0.299052 0.249278 0.295818 0.269880 0.296896 0.280417 0.290427 0.302935 0.292313 0.313472
2 0.330797 0.252296 0.344000 0.263787 0.353161 0.279602 0.359630 0.274806 0.372568 0.261398 0.372568 0.245111 0.368526 0.236481 0.362328 0.211574 0.354510 0.202944 0.343464 0.206306 0.339422 0.220194 0.332411 0.236481
2 0.495974 0.247380 0.499719 0.260130 0.517177 0.278417 0.525594 0.276204 0.537755 0.263454 0.539318 0.248481 0.532458 0.238509 0.531833 0.218000 0.517802 0.203583 0.511255 0.214120 0.502833 0.220769
2 0.555125 0.849028 0.536104 0.826861 0.542339 0.803574 0.552318 0.791935 0.564167 0.785287 0.574146 0.793046 0.574453 0.812444 0.580380 0.823528 0.577885 0.839056 0.568219 0.851250
1 0.589177 0.764620 0.609656 0.733481 0.609656 0.711926 0.588099 0.682704 0.566812 0.714796 0.570312 0.742111 0.577052 0.754083
1 0.681630 0.551759 0.703635 0.525472 0.702552 0.475444 0.681630 0.446583 0.659625 0.474796 0.660344 0.520333
1 0.474714 0.118759 0.496115 0.146287 0.498917 0.196361 0.477255 0.225222 0.453349 0.193954 0.455005 0.146630
1 0.393979 0.218889 0.414937 0.191148 0.411911 0.172519 0.411677 0.149324 0.392578 0.121583 0.372781 0.150574 0.374880 0.170861 0.373016 0.192806
0 0.631781 0.492648 0.606990 0.461991 0.608609 0.448574 0.616693 0.440907 0.618042 0.427019 0.631245 0.420787 0.642563 0.421269 0.648224 0.437074 0.651995 0.452407 0.647953 0.464861 0.641484 0.477315
0 0.625932 0.710759 0.605438 0.684259 0.606599 0.674731 0.617083 0.662306 0.617313 0.650713 0.624068 0.636639 0.631292 0.637463 0.640375 0.648231 0.647828 0.654444 0.650156 0.662722 0.655281 0.678454 0.633151 0.709509
0 0.412974 0.133407 0.418589 0.125093 0.417339 0.102926 0.428563 0.094056 0.447271 0.096269 0.453818 0.110130 0.452573 0.121213 0.456938 0.135074 0.457250 0.141722 0.435734 0.177204 0.433552 0.176648 0.412974 0.155028 0.410167 0.145046
13 0.447484 0.606287 0.470391 0.641741 0.484401 0.641259 0.499224 0.624491 0.500031 0.598139 0.494641 0.582815 0.492484 0.563648 0.474703 0.544963 0.460687 0.562694 0.455839 0.582333
12 0.494479 0.787602 0.500068 0.808722 0.507286 0.821972 0.472583 0.824870 0.468625 0.831083 0.468161 0.851787 0.464896 0.844750 0.464896 0.831907 0.461406 0.823213 0.445333 0.823213 0.444401 0.817833 0.451391 0.808722 0.457443 0.787602 0.465130 0.772694 0.478172 0.768556 0.485625 0.770630
