7 0.187672 0.647843 0.213646 0.678620 0.223750 0.681833 0.251526 0.643352 0.246839 0.619620 0.233490 0.608713 0.229521 0.584981 0.217255 0.586907 0.209677 0.601019 0.194885 0.605509
11 0.554469 0.001250 0.552312 0.017065 0.559589 0.030954 0.556083 0.065454 0.533448 0.095630 0.513240 0.092759 0.495719 0.067843 0.490333 0.050602 0.489255 0.029519 0.493563 0.021852 0.494906 0.000000 0.541536 0.000000
0 0.690479 0.000000 0.691943 0.024981 0.700672 0.038287 0.700984 0.058796 0.674479 0.093722 0.661385 0.093167 0.652656 0.072102 0.668870 0.068778 0.669802 0.064343 0.670115 0.033296 0.666687 0.026093 0.644547 0.027759 0.647042 0.015009 0.654323 0.000000
3 0.183875 0.000000 0.187135 0.019500 0.178719 0.045556 0.184328 0.058852 0.202411 0.078259 0.218318 0.057750 0.218318 0.037787 0.227047 0.026704 0.222995 0.017278 0.227411 0.000000
1 0.175901 0.170407 0.144458 0.211806 0.149120 0.242037 0.147255 0.258185 0.157036 0.272676 0.159833 0.283444 0.172641 0.304972 0.191510 0.285926 0.191042 0.264806 0.197099 0.259843 0.198495 0.244935 0.201990 0.212222
14 0.454682 0.783981 0.489328 0.726843 0.486823 0.696417 0.488495 0.667481 0.453427 0.617759 0.443828 0.623694 0.412104 0.665991 0.412521 0.684546 0.414609 0.696417 0.412104 0.723130
12 0.081687 0.695491 0.058781 0.688787 0.063630 0.666269 0.064167 0.642315 0.054469 0.645185 0.051234 0.636565 0.028599 0.633213 0.039646 0.620278 0.048536 0.584824 0.059318 0.564222 0.072521 0.556556 0.089771 0.564222 0.099740 0.584824 0.105130 0.611657 0.115099 0.631778 0.114562 0.650463 0.107016 0.661481 0.107016 0.649981 0.085729 0.655250
12 0.137281 0.387250 0.152911 0.361861 0.172583 0.343657 0.173391 0.315389 0.162609 0.299583 0.157490 0.274667 0.145094 0.254065 0.119495 0.247361 0.100630 0.284731 0.098745 0.306287 0.089849 0.322093 0.092276 0.334074 0.109792 0.353713 0.115453 0.350843 0.120031 0.355630 0.121651 0.362815
12 0.431661 0.361333 0.440828 0.381935 0.451339 0.387685 0.491760 0.332583 0.492031 0.322528 0.483406 0.304796 0.473432 0.265037 0.454573 0.247787 0.436786 0.253537 0.423578 0.275574 0.418458 0.304324 0.433552 0.325398
12 0.531198 0.682657 0.543276 0.653463 0.564042 0.632000 0.566458 0.603667 0.555833 0.592500 0.545979 0.557898 0.529219 0.537639 0.507536 0.542963 0.491500 0.575241 0.490099 0.594306 0.480536 0.612167 0.481698 0.629509 0.489375 0.638176 0.501016 0.635685 0.508693 0.645222 0.513620 0.658102 0.515453 0.673815
11 0.267891 0.532630 0.281641 0.559954 0.304281 0.575750 0.338234 0.533620 0.342286 0.521648 0.334990 0.501028 0.336083 0.471815 0.320714 0.467991 0.309146 0.444491 0.298354 0.444046 0.291620 0.463667 0.276531 0.478028 0.277057 0.500528 0.270323 0.519213
11 0.308552 0.163898 0.298885 0.174426 0.285167 0.173324 0.256479 0.135630 0.254922 0.107361 0.259911 0.099593 0.261469 0.072435 0.287974 0.040287 0.296703 0.038065 0.322583 0.071324 0.318219 0.098491 0.306682 0.113454
9 0.249604 0.333102 0.288844 0.385787 0.298859 0.382824 0.325573 0.337556 0.324740 0.306389 0.318896 0.299704 0.318062 0.264093 0.301781 0.218824 0.296354 0.244056 0.290094 0.240343 0.274234 0.259639 0.271729 0.285611 0.253365 0.283380
8 0.628240 0.364278 0.652563 0.367611 0.663786 0.347102 0.653807 0.313287 0.655682 0.287787 0.650380 0.257852 0.652563 0.248426 0.638531 0.245657 0.627620 0.258963 0.620760 0.278917 0.621068 0.328250 0.617016 0.339333
8 0.282370 0.828963 0.304469 0.825130 0.315245 0.806444 0.305547 0.777704 0.309589 0.753750 0.302042 0.727398 0.303927 0.712065 0.296385 0.708713 0.280214 0.721648 0.272401 0.741296 0.272667 0.781056 0.270781 0.802139 0.271859 0.812676
7 0.055370 0.183611 0.061193 0.188167 0.074005 0.183194 0.083323 0.198519 0.081224 0.219222 0.090776 0.232472 0.089844 0.251519 0.063755 0.280093 0.051182 0.277194 0.051880 0.270981 0.055141 0.266009 0.055604 0.199343 0.046057 0.191898
7 0.520516 0.474944 0.491172 0.434787 0.496063 0.397102 0.513995 0.390481 0.517026 0.371843 0.528438 0.371843 0.534958 0.396685 0.551958 0.400833 0.555453 0.431472 0.537521 0.459213
6 0.610255 0.070852 0.611922 0.087917 0.616932 0.125769 0.617349 0.151000 0.610250 0.167324 0.595224 0.173259 0.576026 0.165093 0.569766 0.127991 0.574771 0.119083 0.576443 0.084954 0.581453 0.084213 0.590635 0.069370
6 0.023031 0.508972 0.024703 0.537167 0.023448 0.563139 0.011760 0.577241 0.000000 0.579083 0.000000 0.461222 0.011344 0.465935 0.009677 0.500806 0.014266 0.506750
5 0.537755 0.324981 0.564094 0.358333 0.577443 0.346787 0.580328 0.317287 0.582490 0.292269 0.578161 0.274954 0.576359 0.240324 0.562651 0.233907 0.553990 0.248019 0.557240 0.263407 0.549302 0.282648
5 0.000000 0.315093 0.013203 0.296694 0.021505 0.298620 0.033406 0.322991 0.040260 0.349287 0.034130 0.365324 0.016094 0.387769 0.005630 0.389056 0.000000 0.376259
2 0.658167 0.647694 0.667016 0.659704 0.684255 0.662602 0.697062 0.643556 0.697531 0.609185 0.688214 0.606287 0.687047 0.577306 0.669349 0.562815 0.655141 0.568194 0.641167 0.604630 0.657234 0.609602 0.666083 0.624093
4 0.107719 0.122417 0.105833 0.150676 0.110682 0.166491 0.126312 0.177509 0.145714 0.183741 0.162964 0.154509 0.157844 0.124806 0.147870 0.105648 0.152182 0.093185 0.147870 0.070194 0.134667 0.059176 0.116609 0.069231
4 0.423234 0.134185 0.431964 0.109796 0.430714 0.080972 0.435078 0.064898 0.449734 0.057139 0.455661 0.062130 0.457844 0.071546 0.466573 0.082639 0.470313 0.100926 0.475302 0.125315 0.479979 0.150259 0.465948 0.176315 0.451292 0.184074 0.427599 0.167444
4 0.440724 0.565611 0.459120 0.565056 0.478766 0.540667 0.479385 0.511287 0.468474 0.497426 0.469411 0.474704 0.466604 0.452528 0.449453 0.444213 0.434490 0.450861 0.431057 0.478583 0.423260 0.516833 0.423885 0.540111
4 0.224646 0.458185 0.211859 0.476472 0.189099 0.465944 0.176318 0.438231 0.182865 0.401639 0.185047 0.375037 0.187854 0.351204 0.206875 0.347870 0.218719 0.356185 0.223708 0.382241 0.222776 0.403861 0.229323 0.414389 0.219656 0.423259
4 0.119255 0.559065 0.122375 0.519713 0.125495 0.516389 0.125802 0.489778 0.129547 0.472593 0.145448 0.464278 0.162286 0.470380 0.165714 0.507519 0.175380 0.546315 0.174755 0.563500 0.157297 0.589556 0.136719 0.584565
3 0.059922 0.468602 0.072083 0.494657 0.107312 0.443102 0.091411 0.422037 0.099833 0.403750 0.096714 0.373259 0.089854 0.377139 0.078630 0.346657 0.066781 0.374370 0.053995 0.364389 0.049630 0.387120 0.055557 0.403194 0.058359 0.414278 0.059297 0.455852
3 0.350333 0.630519 0.376833 0.663778 0.406458 0.625528 0.404589 0.601139 0.396792 0.594491 0.404896 0.571204 0.399286 0.544046 0.393672 0.550139 0.383698 0.522426 0.372781 0.545157 0.359375 0.539056 0.355323 0.559565 0.359375 0.576750 0.361870 0.595046
3 0.544255 0.211000 0.552339 0.227769 0.549911 0.241176 0.520271 0.271361 0.502484 0.248843 0.509490 0.231593 0.507333 0.215306 0.504911 0.198065 0.498172 0.175065 0.505719 0.149676 0.515687 0.159731 0.527818 0.137213 0.537786 0.163093 0.546948 0.163565 0.550182 0.181296 0.549375 0.194704 0.542635 0.202370
2 0.055490 0.787528 0.071359 0.773417 0.089036 0.782398 0.094448 0.808694 0.105271 0.831778 0.100583 0.837556 0.091203 0.828574 0.046109 0.826648 0.049354 0.806769 0.054042 0.804204
1 0.146292 0.775019 0.176594 0.733972 0.172625 0.703833 0.173708 0.671120 0.145208 0.633926 0.116349 0.676250 0.120677 0.700620 0.114182 0.734611
1 0.247813 0.523759 0.275563 0.485509 0.272755 0.455019 0.275875 0.421213 0.248438 0.385176 0.218193 0.421769 0.221620 0.447815 0.217255 0.482185
1 0.405469 0.429361 0.436729 0.385769 0.431854 0.356546 0.433229 0.324444 0.406010 0.288991 0.378250 0.326361 0.379062 0.362287 0.377714 0.387685 0.383104 0.411157
1 0.595484 0.558491 0.567302 0.523056 0.570724 0.494074 0.567104 0.459361 0.597297 0.423213 0.623469 0.459000 0.619443 0.487269 0.623870 0.522343 0.606760 0.540241
1 0.334193 0.074694 0.364104 0.116852 0.359255 0.144167 0.362490 0.174824 0.333651 0.214111 0.301312 0.170037 0.309130 0.146083 0.306438 0.112065
0 0.503589 0.847028 0.517062 0.869546 0.530271 0.866667 0.556406 0.829296 0.556141 0.806306 0.541047 0.792407 0.539432 0.778037 0.530807 0.763667 0.520297 0.759833 0.509250 0.772769 0.506823 0.790019 0.491464 0.805343 0.489307 0.815407 0.496042 0.827389 0.496854 0.835046
0 0.781198 0.444528 0.807896 0.478519 0.818719 0.479157 0.845417 0.440037 0.845417 0.426574 0.840365 0.418231 0.836760 0.393861 0.811146 0.375259 0.799240 0.383602 0.793104 0.393222 0.792745 0.406685 0.779396 0.425926
