3 0.488844 0.636000 0.499802 0.647444 0.504328 0.658269 0.525552 0.632287 0.516677 0.620222 0.522245 0.606611 0.520156 0.586509 0.515635 0.591454 0.509370 0.573519 0.503458 0.588676 0.493885 0.584963 0.492672 0.599194 0.494932 0.605685 0.495974 0.620528
2 0.448417 0.280852 0.452844 0.263324 0.457677 0.254370 0.469953 0.255444 0.474583 0.265463 0.475792 0.281574 0.479417 0.290880 0.477604 0.302324 0.471568 0.313426 0.464724 0.313778 0.454859 0.312704 0.446604 0.292306
2 0.424437 0.815824 0.431807 0.822778 0.444589 0.823046 0.446693 0.819833 0.445339 0.811546 0.444740 0.807537 0.444438 0.792574 0.447297 0.790704 0.447594 0.774926 0.442182 0.767444 0.435719 0.763972 0.424740 0.776269 0.420828 0.789898 0.426094 0.796583 0.425792 0.811815
2 0.649917 0.523407 0.641943 0.540519 0.642698 0.560296 0.650214 0.571528 0.664047 0.574731 0.673370 0.567519 0.676229 0.550944 0.670365 0.542120 0.669766 0.524741 0.665104 0.514852 0.657734 0.515657
2 0.196411 0.547574 0.199833 0.566185 0.213120 0.575491 0.225396 0.574417 0.231839 0.557593 0.230026 0.542565 0.225797 0.538269 0.222979 0.517870 0.210099 0.515722 0.203052 0.522880
1 0.413250 0.853713 0.426646 0.835463 0.424557 0.820306 0.426297 0.809481 0.425599 0.793398 0.409422 0.771750 0.401938 0.779481 0.402115 0.788454 0.399677 0.790926 0.395849 0.789380 0.390458 0.796491 0.390109 0.818454 0.390458 0.838556
4 0.333573 0.710222 0.318479 0.704139 0.312240 0.685176 0.316865 0.664417 0.316266 0.647954 0.320891 0.635787 0.331359 0.633278 0.338609 0.637222 0.341224 0.655824 0.340417 0.666565 0.346661 0.675509 0.347266 0.688037
4 0.300745 0.497269 0.287698 0.493120 0.278151 0.481528 0.275354 0.466620 0.281411 0.449648 0.282109 0.433917 0.286068 0.422731 0.294224 0.421491 0.303073 0.424389 0.305401 0.441778 0.305401 0.452963 0.310990 0.463315 0.311688 0.476972
14 0.437812 0.739741 0.459937 0.705370 0.457609 0.694194 0.458073 0.673491 0.435016 0.643676 0.411958 0.674731 0.415453 0.696676 0.412891 0.708685
4 0.441693 0.353333 0.426036 0.348074 0.425859 0.328583 0.420120 0.329204 0.422729 0.312500 0.424818 0.308176 0.423776 0.296417 0.426208 0.281880 0.435083 0.279102 0.445521 0.281880 0.447089 0.298583 0.445870 0.308787 0.451089 0.318685 0.446911 0.328898 0.444130 0.341269
4 0.572318 0.492889 0.581776 0.494324 0.595464 0.480009 0.595062 0.463185 0.589427 0.451741 0.589026 0.437778 0.586813 0.424898 0.574146 0.421676 0.567484 0.425972 0.564667 0.442074 0.561646 0.466056 0.562854 0.483583
5 0.474141 0.484843 0.488839 0.501306 0.503937 0.483407 0.499911 0.468731 0.502526 0.465519 0.502323 0.446907 0.492057 0.450843 0.488031 0.447259 0.481391 0.454417 0.477365 0.468019
6 0.386115 0.649815 0.386922 0.668065 0.395172 0.679880 0.405438 0.678083 0.412885 0.668787 0.413693 0.648028 0.411073 0.641944 0.412281 0.628704 0.409464 0.615463 0.400609 0.604370 0.394568 0.606157 0.389333 0.621898
6 0.456630 0.641935 0.456865 0.667194 0.468740 0.679620 0.481552 0.677963 0.486677 0.660157 0.483417 0.641111 0.482016 0.616269 0.474099 0.605500 0.463151 0.608398
7 0.306927 0.590713 0.329547 0.620102 0.350078 0.593806 0.350078 0.582361 0.342422 0.576176 0.345380 0.565046 0.338245 0.557315 0.327109 0.551435 0.318932 0.558241 0.316323 0.573398 0.308323 0.575870
7 0.543932 0.618500 0.564464 0.591667 0.563260 0.576278 0.555406 0.575556 0.550776 0.557306 0.539302 0.550509 0.528031 0.560167 0.526823 0.574843 0.520984 0.577352 0.520786 0.589519
7 0.498760 0.375009 0.522313 0.409009 0.515672 0.417593 0.498156 0.443722 0.479036 0.419389 0.476417 0.405426 0.478026 0.398269 0.483865 0.396843 0.487089 0.386102
7 0.351302 0.414407 0.362089 0.423880 0.372615 0.440750 0.375865 0.438667 0.394839 0.414407 0.394969 0.401009 0.384964 0.397778 0.386000 0.384139 0.371969 0.376056 0.361828 0.396852 0.352734 0.399620
9 0.411865 0.606491 0.428167 0.630926 0.438651 0.632167 0.457979 0.605250 0.451224 0.575852 0.453557 0.564259 0.441677 0.530722 0.438417 0.543972 0.434224 0.543972 0.426073 0.551843 0.422812 0.569639 0.413495 0.571296
10 0.407370 0.487991 0.434156 0.521111 0.463266 0.485917 0.459776 0.471843 0.459307 0.456519 0.456516 0.442444 0.435786 0.408491 0.420411 0.425056 0.409464 0.454037
11 0.281922 0.660657 0.291182 0.671037 0.299234 0.669250 0.316948 0.644917 0.316948 0.633102 0.313125 0.625593 0.313323 0.615213 0.309099 0.596602 0.301651 0.599824 0.295125 0.582463 0.290620 0.581537 0.285385 0.597926 0.275641 0.600713 0.275120 0.618037 0.283651 0.630380
0 0.259917 0.556065 0.282974 0.585463 0.305099 0.554407 0.303234 0.543639 0.298344 0.538667 0.292755 0.522111 0.284833 0.519213 0.270859 0.534120
11 0.385151 0.364463 0.406552 0.396630 0.409161 0.394463 0.430906 0.364463 0.427948 0.356111 0.425167 0.341889 0.425688 0.327037 0.415943 0.330444 0.415250 0.323324 0.410901 0.310343 0.405333 0.309722 0.401677 0.329204 0.391937 0.329519 0.391240 0.338481 0.389328 0.353019
11 0.527937 0.445324 0.528536 0.431685 0.531995 0.423139 0.532599 0.401213 0.550641 0.379833 0.568839 0.401213 0.570943 0.423935 0.567635 0.426343 0.567031 0.440778 0.565526 0.452009 0.554250 0.469648 0.548385 0.464306 0.544479 0.452269 0.532448 0.440778
11 0.471505 0.723389 0.495458 0.755241 0.502302 0.750944 0.519818 0.724824 0.520823 0.717306 0.515792 0.708361 0.515792 0.687250 0.513776 0.682954 0.504521 0.681519 0.500495 0.664704 0.495260 0.663269 0.491031 0.679380 0.478953 0.685102 0.479760 0.702639
12 0.575906 0.670861 0.552448 0.640120 0.551396 0.627824 0.558464 0.615528 0.562974 0.597611 0.571391 0.585852 0.585677 0.585583 0.593495 0.598417 0.598156 0.621676 0.594401 0.629963 0.591089 0.624083 0.586281 0.629694 0.585828 0.644926 0.587333 0.653213 0.584026 0.666583
12 0.438370 0.365056 0.460495 0.394454 0.464922 0.392796 0.487516 0.359676 0.484719 0.353463 0.477964 0.331519 0.471443 0.316611 0.460964 0.312880 0.451880 0.317028 0.447943 0.326833 0.444568 0.342981 0.440859 0.354000
12 0.307635 0.449944 0.314401 0.465185 0.317859 0.466519 0.331391 0.449944 0.345375 0.438722 0.345677 0.429630 0.340562 0.416796 0.335750 0.399694 0.328385 0.386861 0.318911 0.382852 0.310042 0.387398 0.302672 0.403167 0.299516 0.424019 0.302672 0.427222 0.303125 0.434981 0.304927 0.448343
12 0.361557 0.736454 0.366953 0.748824 0.372865 0.753472 0.383130 0.748213 0.385047 0.733361 0.390964 0.731194 0.392703 0.720370 0.393573 0.701509 0.390437 0.690370 0.382958 0.671194 0.373563 0.666861 0.363818 0.670574 0.356167 0.687278 0.351469 0.708620 0.349031 0.718204 0.350078 0.726556 0.359125 0.730889
13 0.377208 0.568398 0.394677 0.589519 0.403062 0.592833 0.413542 0.584139 0.414005 0.574194 0.422161 0.567574 0.416339 0.550185 0.414005 0.528241 0.399568 0.510435 0.383729 0.526583 0.384896 0.542315 0.380469 0.549769
8 0.338078 0.546870 0.342969 0.558046 0.354151 0.561361 0.370688 0.541898 0.363698 0.522435 0.364865 0.506287 0.360437 0.486417 0.353219 0.488898 0.349958 0.497593 0.346000 0.502981 0.344370 0.527824
8 0.519339 0.565602 0.531427 0.546889 0.528177 0.533259 0.524281 0.526556 0.524281 0.507380 0.521938 0.502759 0.518432 0.491204 0.512844 0.489130 0.507255 0.498370 0.503224 0.511074 0.500885 0.539954 0.503354 0.545963
0 0.481620 0.349648 0.488141 0.357935 0.510734 0.328537 0.506776 0.319009 0.506776 0.306176 0.499786 0.296648 0.482786 0.287546 0.473005 0.311148 0.473938 0.316528 0.472307 0.320250 0.477427 0.328120 0.480224 0.338472
0 0.324354 0.755065 0.337641 0.738241 0.342271 0.721426 0.348109 0.718917 0.357167 0.728222 0.358776 0.737889 0.368240 0.750407 0.368036 0.757565 0.328786 0.757565
0 0.500573 0.759407 0.522937 0.787185 0.545307 0.760361 0.543688 0.747426 0.534797 0.736889 0.530214 0.721074 0.520781 0.721074 0.514318 0.732093
0 0.566865 0.557231 0.584380 0.580704 0.587615 0.579750 0.606479 0.556750 0.605938 0.540944 0.600281 0.531843 0.580609 0.520343 0.574141 0.531843 0.571448 0.541898 0.569021 0.543815
4 0.524104 0.687074 0.528333 0.667028 0.530547 0.645917 0.533568 0.634463 0.542422 0.633028 0.552286 0.638046 0.553495 0.664880 0.558932 0.674546 0.559333 0.685639 0.559130 0.691722 0.550474 0.709259 0.544438 0.711407 0.534573 0.706037 0.528937 0.700667
3 0.525734 0.518880 0.531323 0.529231 0.552984 0.499417 0.544599 0.489898 0.549958 0.475398 0.546464 0.455528 0.542505 0.460083 0.535984 0.443102 0.529693 0.456769 0.520375 0.454287 0.517818 0.468361 0.521307 0.477056 0.523406 0.490306 0.521078 0.498176 0.521542 0.503556
3 0.314927 0.511222 0.339151 0.542278 0.345672 0.528194 0.344505 0.508324 0.349865 0.495481 0.348234 0.489685 0.353589 0.475611 0.350328 0.462778 0.345203 0.462778 0.343807 0.454907 0.337750 0.456148 0.325406 0.461528 0.324708 0.471880 0.326109 0.478093 0.326109 0.494657
3 0.345672 0.638787 0.363839 0.660324 0.386198 0.628028 0.377115 0.618917 0.382937 0.604426 0.378047 0.585787 0.374552 0.589519 0.367797 0.573370 0.360812 0.586204 0.352427 0.585380 0.349167 0.600287 0.353125 0.608981 0.353823 0.620991
0 0.315437 0.365065 0.334760 0.392259 0.340401 0.392972 0.359323 0.366139 0.357708 0.356833 0.351469 0.351102 0.348854 0.340722 0.332750 0.326769 0.324495 0.335713 0.323286 0.349315
0 0.510073 0.364991 0.534635 0.395769 0.554562 0.365704 0.553557 0.356046 0.548323 0.352111 0.548724 0.343519 0.543891 0.332065 0.536646 0.327769 0.523161 0.341731
1 0.264964 0.697843 0.284901 0.671491 0.282990 0.654000 0.284042 0.629287 0.266630 0.605759 0.247688 0.627704 0.250464 0.649361 0.247849 0.670722
1 0.275964 0.448324 0.261521 0.436315 0.257094 0.418926 0.258026 0.380833 0.276661 0.356815 0.294359 0.382491 0.292729 0.403185 0.293198 0.422648 0.285979 0.424722
1 0.381677 0.350889 0.363047 0.328944 0.365375 0.312796 0.363281 0.285889 0.381448 0.262287 0.399849 0.285472 0.398917 0.310315 0.400547 0.326880 0.397052 0.330194 0.393557 0.328120
1 0.436193 0.279343 0.454385 0.256935 0.452307 0.239602 0.452958 0.215111 0.434891 0.192472 0.416177 0.217426 0.418776 0.236370 0.417089 0.256704
1 0.589766 0.441685 0.594880 0.447833 0.614115 0.421639 0.611870 0.406667 0.613359 0.382611 0.594411 0.357481 0.575932 0.381269 0.578187 0.406130 0.576068 0.422704 0.585859 0.424046
1 0.604370 0.695426 0.622260 0.670028 0.619557 0.654796 0.621964 0.631000 0.603766 0.604269 0.585724 0.629935 0.586625 0.672704
1 0.464922 0.858352 0.480229 0.836704 0.479359 0.819074 0.480406 0.791546 0.461964 0.771130 0.443521 0.795870 0.443344 0.834222
5 0.367557 0.481815 0.383193 0.503463 0.397781 0.482083 0.396578 0.474593 0.387703 0.456148 0.386500 0.449463 0.369661 0.448130 0.367557 0.455352 0.369057 0.468176 0.372068 0.466306 0.368906 0.475935
8 0.218635 0.369185 0.218906 0.386917 0.234000 0.398889 0.244505 0.387870 0.237771 0.361528 0.238578 0.341880 0.232651 0.324639 0.222948 0.326556 0.222411 0.358167
