10 0.531552 0.297593 0.566906 0.347620 0.574844 0.343769 0.607672 0.295667 0.606953 0.281556 0.603344 0.275787 0.601177 0.250130 0.593604 0.216139 0.597932 0.211648 0.595047 0.202676 0.577005 0.180870 0.559693 0.178296 0.551755 0.197537 0.534437 0.230889 0.532995 0.243722 0.525781 0.262963 0.524698 0.293741
4 0.370161 0.308630 0.355823 0.306963 0.343036 0.293657 0.338047 0.269269 0.345219 0.245435 0.345531 0.225481 0.349271 0.208296 0.353328 0.204417 0.362682 0.201648 0.374219 0.204417 0.378583 0.211620 0.379516 0.232130 0.378896 0.247102 0.386688 0.263731 0.388557 0.279250
4 0.576510 0.104204 0.557380 0.099417 0.552260 0.092713 0.553604 0.063963 0.546870 0.068278 0.548219 0.047194 0.551448 0.038093 0.550641 0.018454 0.554187 0.000000 0.582292 -0.000000 0.583521 0.017019 0.581094 0.038093 0.589448 0.052472 0.582172 0.068759 0.580552 0.080250
5 0.500776 0.252972 0.513563 0.285676 0.508885 0.292333 0.492672 0.316167 0.484563 0.310074 0.468974 0.282352 0.475521 0.271269 0.477703 0.257407 0.489240 0.236898 0.495474 0.234685
7 0.445938 0.189991 0.447104 0.168046 0.458281 0.168046 0.468995 0.152306 0.475750 0.131602 0.485766 0.145685 0.495083 0.144852 0.496250 0.165556 0.507661 0.170528 0.509057 0.190815 0.481573 0.227667 0.473656 0.228500
7 0.662531 0.137028 0.672771 0.166250 0.684630 0.169602 0.688401 0.185417 0.685438 0.194519 0.658490 0.233324 0.652563 0.229009 0.643396 0.209843 0.630734 0.197870 0.628307 0.184454 0.626958 0.178231 0.628036 0.162417 0.638276 0.171037 0.640703 0.148046 0.654448 0.137028
8 0.469036 0.351315 0.475896 0.366833 0.468411 0.382352 0.450328 0.397870 0.434740 0.397315 0.429125 0.369602 0.435047 0.355741 0.436609 0.320269 0.442844 0.309185 0.445026 0.298093 0.459995 0.295324 0.463422 0.314722
8 0.688594 0.407778 0.707354 0.387259 0.704464 0.364167 0.696167 0.349417 0.695083 0.320556 0.693281 0.317343 0.688953 0.300028 0.678490 0.296824 0.664062 0.323759 0.662615 0.355185 0.660094 0.372500
0 0.350703 0.433500 0.317312 0.388241 0.326911 0.373398 0.330250 0.362269 0.348615 0.344454 0.359885 0.346685 0.369906 0.368204 0.379505 0.383046 0.379505 0.400111
0 0.431380 0.158185 0.455604 0.123824 0.453297 0.107676 0.446057 0.100639 0.443260 0.091111 0.424161 0.069167 0.416474 0.069167 0.408323 0.081583 0.405531 0.099806 0.397844 0.109333 0.400427 0.126722 0.420693 0.151981
0 0.635370 0.098602 0.643182 0.108667 0.672016 0.073213 0.671208 0.056444 0.669052 0.051657 0.668781 0.035361 0.662854 0.024824 0.641026 0.007102 0.634021 0.015241 0.623240 0.035361 0.620276 0.051657 0.625667 0.061231 0.629708 0.079444
0 0.679026 0.123519 0.704083 0.158009 0.711630 0.157528 0.734536 0.125907 0.735615 0.115370 0.729688 0.101954 0.726990 0.085667 0.722141 0.071778 0.714328 0.066509 0.691688 0.086148 0.691151 0.092852 0.680104 0.105787
0 0.781188 0.431667 0.755583 0.393333 0.755583 0.381361 0.764479 0.372731 0.772292 0.349741 0.781724 0.342556 0.795198 0.352130 0.806786 0.360759 0.812984 0.386630 0.811906 0.400046 0.786844 0.429269
1 0.336917 0.236019 0.324437 0.228139 0.312557 0.213111 0.310344 0.196296 0.311354 0.142250 0.336714 0.108611 0.362479 0.141898 0.360068 0.175889 0.362479 0.200231 0.356844 0.208463 0.353422 0.202731 0.348995 0.206315 0.347786 0.218120
1 0.768333 0.197722 0.771563 0.179037 0.770484 0.159880 0.771026 0.137361 0.796625 0.105741 0.824385 0.142630 0.821422 0.177602 0.823844 0.203954 0.797437 0.235574 0.788005 0.220241 0.786115 0.205870 0.780995 0.202519 0.775875 0.205870
1 0.469078 0.000000 0.462521 0.010287 0.466484 0.044241 0.478125 0.044241 0.481854 0.050454 0.497693 0.049204 0.500719 0.083157 0.507010 0.074880 0.506307 0.047139 0.511901 0.045065 0.514464 0.003657 0.512719 0.000000
2 0.244755 0.423315 0.259724 0.423870 0.271885 0.410565 0.272505 0.385620 0.267208 0.371213 0.261594 0.341278 0.247250 0.335176 0.229792 0.348481 0.226359 0.375648 0.225115 0.396713 0.234469 0.414444
2 0.889813 0.426361 0.873599 0.416389 0.862995 0.389222 0.867672 0.357630 0.881391 0.333796 0.897297 0.335454 0.905714 0.345435 0.907896 0.369824 0.912573 0.386454 0.909453 0.405852
3 0.431557 0.346148 0.439104 0.325546 0.444490 0.309731 0.441526 0.301111 0.447995 0.275241 0.446646 0.264222 0.438292 0.259907 0.436948 0.249370 0.427516 0.248889 0.423203 0.257037 0.414849 0.254639 0.405953 0.263269 0.408109 0.284824 0.411078 0.301593 0.401646 0.319315 0.412693 0.347102 0.427516 0.355731
4 0.764469 0.306713 0.780307 0.309194 0.798474 0.281454 0.793115 0.252472 0.788224 0.245019 0.786594 0.208991 0.781469 0.202370 0.772151 0.203194 0.759344 0.202370 0.756781 0.205685 0.753984 0.225972 0.755151 0.240880 0.749563 0.257435 0.748630 0.278972 0.751193 0.290565
8 0.286703 0.116991 0.292833 0.135583 0.289589 0.156111 0.266500 0.162528 0.254234 0.147130 0.256755 0.124685 0.263250 0.113139 0.260005 0.084917 0.266135 0.065037 0.278401 0.063750 0.282734 0.075296
12 0.573229 0.121574 0.588562 0.138417 0.603151 0.162741 0.608260 0.161935 0.641797 0.114352 0.630667 0.084685 0.625854 0.064102 0.618937 0.050194 0.606005 0.042981 0.596682 0.045389 0.586458 0.060352 0.579995 0.078000 0.576536 0.095907
13 0.498828 0.427722 0.505323 0.443120 0.517953 0.451454 0.539234 0.431574 0.544646 0.401426 0.539958 0.380907 0.537432 0.356537 0.519031 0.330880 0.506406 0.336009 0.493057 0.359741 0.491974 0.378343 0.483318 0.393731 0.488370 0.417463
2 0.587531 0.000000 0.584172 0.011324 0.586266 0.033676 0.600245 0.044444 0.613984 0.045685 0.621672 0.041130 0.628193 0.032435 0.630313 0.000000
12 0.382635 0.242120 0.393115 0.267380 0.399172 0.265722 0.418036 0.240463 0.425255 0.236324 0.438302 0.225139 0.437599 0.211889 0.427354 0.187046 0.423161 0.165935 0.410818 0.148130 0.395443 0.143574 0.381469 0.159306 0.371453 0.190361 0.372385 0.204852 0.377745 0.209824 0.377276 0.221417 0.379141 0.242120
11 0.496922 0.119806 0.523708 0.157898 0.531396 0.159556 0.563068 0.119806 0.560042 0.106556 0.555151 0.102417 0.552823 0.082130 0.554219 0.065565 0.540708 0.066389 0.536516 0.057278 0.534422 0.056037 0.533958 0.073019 0.530693 0.076741 0.523474 0.081713 0.515557 0.077981 0.512760 0.080472 0.504844 0.080472
11 0.710203 0.234139 0.732302 0.268148 0.742812 0.262880 0.754130 0.244676 0.756016 0.224074 0.758979 0.201556 0.758979 0.167546 0.752245 0.164667 0.746583 0.169463 0.738229 0.152694 0.737151 0.141194 0.727719 0.140231 0.722328 0.162278 0.707776 0.170417 0.704542 0.195806 0.698885 0.217843 0.701042 0.234139 0.708318 0.226954
