0 0.481229 0.319509 0.487469 0.327731 0.494516 0.321296 0.507802 0.303398 0.508406 0.294093 0.506391 0.289083 0.506391 0.276917 0.503573 0.270120 0.487469 0.257593 0.481229 0.263324 0.473979 0.276565 0.472573 0.287296 0.475995 0.294454 0.480021 0.310204
1 0.381422 0.321722 0.363708 0.299176 0.364917 0.280926 0.364516 0.255880 0.381625 0.233333 0.400547 0.256593 0.398536 0.284509 0.400146 0.297028 0.396922 0.300250 0.392698 0.299537 0.392495 0.306694
1 0.435240 0.248694 0.452813 0.225500 0.451417 0.209722 0.452464 0.202611 0.452635 0.183741 0.433323 0.159306 0.415578 0.186213 0.418187 0.202296 0.417146 0.226120
1 0.276380 0.414324 0.284031 0.401639 0.284729 0.396074 0.289250 0.394222 0.293078 0.390815 0.291516 0.373185 0.292734 0.367926 0.293604 0.350296 0.274641 0.326481 0.257240 0.351537 0.257589 0.390509 0.270635 0.410926
2 0.447313 0.252130 0.453229 0.232333 0.459318 0.224907 0.469932 0.224296 0.473583 0.233574 0.474802 0.251509 0.479323 0.258315 0.479323 0.267898 0.475151 0.279037 0.469062 0.284917 0.460359 0.282750 0.451839 0.279037 0.446443 0.262648
4 0.440125 0.325306 0.426557 0.317889 0.425339 0.296852 0.418380 0.298093 0.423078 0.281694 0.424297 0.267472 0.426208 0.253556 0.433344 0.248602 0.445000 0.253241 0.447432 0.269944 0.446391 0.278602 0.450740 0.289741 0.445521 0.300565 0.443432 0.313861
4 0.287859 0.465389 0.296734 0.466009 0.310302 0.449926 0.309609 0.433528 0.304911 0.421472 0.305260 0.411574 0.302823 0.395176 0.299865 0.393009 0.291339 0.394870 0.287510 0.394250 0.284380 0.395796 0.281599 0.410333 0.278990 0.429204 0.283510 0.427037 0.291516 0.461370
0 0.317385 0.336843 0.334260 0.361898 0.339828 0.364065 0.356182 0.346435 0.357750 0.333444 0.354615 0.317981 0.345568 0.311796 0.341745 0.298491 0.332693 0.295398 0.326432 0.303444 0.323995 0.318907 0.320344 0.327565
12 0.450672 0.348139 0.454844 0.361435 0.463021 0.365148 0.473635 0.349370 0.486682 0.338546 0.485990 0.326796 0.478854 0.309472 0.477203 0.298583 0.472068 0.287361 0.464016 0.283056 0.459927 0.281667 0.452255 0.289093 0.444687 0.303407 0.441974 0.320176 0.438474 0.331213 0.440130 0.338111
12 0.307708 0.421370 0.313531 0.435028 0.317953 0.437102 0.330068 0.423028 0.344740 0.410602 0.348698 0.400667 0.340781 0.387417 0.335052 0.366713 0.327969 0.356731 0.320354 0.353130 0.313948 0.353750 0.305750 0.364306 0.300115 0.386093 0.300698 0.393870 0.304052 0.396852 0.303375 0.406046 0.305401 0.418630
11 0.385813 0.336611 0.403927 0.362019 0.409365 0.364528 0.430703 0.339120 0.432917 0.328019 0.427682 0.322657 0.425068 0.295815 0.416411 0.299750 0.411578 0.280787 0.406344 0.280065 0.400911 0.297963 0.393057 0.297963 0.390042 0.305472 0.390240 0.313352 0.389839 0.324806
7 0.474266 0.381056 0.496005 0.411472 0.499224 0.411472 0.521771 0.383565 0.518750 0.371037 0.509490 0.368889 0.509896 0.346704 0.485740 0.344194 0.479901 0.356722 0.483724 0.367102 0.476479 0.371750
7 0.351187 0.383954 0.361630 0.396944 0.372240 0.413028 0.374328 0.412093 0.396771 0.381472 0.394339 0.366630 0.385813 0.367250 0.390161 0.353944 0.383724 0.349306 0.370500 0.343741 0.362672 0.345907 0.363193 0.358898 0.355365 0.366630 0.351536 0.371269
0 0.512870 0.337157 0.530443 0.359426 0.535833 0.361593 0.554104 0.338083 0.551667 0.327565 0.549057 0.323546 0.544531 0.305602 0.539312 0.298491 0.522437 0.313343 0.518260 0.323231 0.514609 0.326944
