0 0.837802 0.273991 0.879651 0.325296 0.891198 0.326583 0.934490 0.268861 0.929438 0.245130 0.917172 0.234231 0.920057 0.227815 0.913562 0.205370 0.903104 0.184204 0.887589 0.182917 0.862339 0.227176 0.852594 0.233583
0 0.902302 0.817250 0.899510 0.824287 0.879245 0.850787 0.892057 0.880185 0.924432 0.924907 0.936307 0.921593 0.950979 0.892194 0.949349 0.874389 0.949818 0.841685 0.956104 0.834639 0.951448 0.815185
1 0.315807 0.584815 0.357214 0.532343 0.352833 0.491907 0.356255 0.473056 0.355339 0.435954 0.343818 0.418139 0.338516 0.430389 0.327911 0.417620 0.329458 0.409315 0.316682 0.386009 0.301073 0.402111 0.303578 0.413759 0.295771 0.434241 0.288927 0.423185 0.274901 0.436991 0.273021 0.472537 0.277406 0.481963 0.274276 0.529009
1 0.378010 0.171370 0.334359 0.120704 0.337604 0.091843 0.335802 0.065546 0.337964 0.025148 0.358000 0.000000 0.394109 0.000000 0.417333 0.030278 0.417693 0.064269 0.414807 0.075167 0.417333 0.123269
1 0.685510 0.095787 0.721828 0.046065 0.718240 0.000000 0.643896 0.000000 0.642099 0.040870
1 0.985755 0.990824 0.945219 0.944259 0.951453 0.892713 0.948339 0.842824 0.966422 0.816769 0.982948 0.815102 0.991052 0.804574 0.992615 0.794593 1.000000 0.801889 1.000000 0.975074
2 0.842333 0.972176 0.828141 0.937296 0.838578 0.892769 0.855276 0.867537 0.869052 0.858639 0.885745 0.863833 0.896599 0.891287 0.897432 0.910583 0.905365 0.928389 0.904115 0.962528 0.896182 0.983306 0.876979 0.993694 0.863625 0.994435
2 0.391974 0.829407 0.411812 0.812093 0.415063 0.788361 0.414339 0.757574 0.402797 0.741537 0.402432 0.721657 0.393417 0.696009 0.367802 0.697287 0.353010 0.711398 0.345073 0.756296 0.386198 0.758213 0.388005 0.779380 0.389807 0.805676
2 0.479672 0.060037 0.464161 0.104287 0.466687 0.136352 0.484005 0.171630 0.503844 0.176759 0.528016 0.170352 0.539198 0.139565 0.538479 0.108778 0.527656 0.098519 0.516474 0.054259 0.515750 0.080556 0.500240 0.081843 0.487250 0.079917 0.484365 0.059389
2 1.000000 0.200231 0.976089 0.208407 0.968917 0.227806 0.951453 0.258852 0.953948 0.294880 0.965797 0.325926 0.986062 0.335898 1.000000 0.338009
3 0.483932 0.579083 0.522172 0.530981 0.518203 0.500194 0.504135 0.498917 0.508823 0.475824 0.514958 0.466852 0.508823 0.426444 0.499802 0.431574 0.486094 0.398222 0.470943 0.432852 0.453625 0.420028 0.448214 0.451454 0.455432 0.468130 0.455755 0.493463 0.445760 0.536176 0.456693 0.535093 0.457307 0.550028 0.473214 0.577222
3 0.641875 0.268028 0.662438 0.289194 0.678312 0.312926 0.687328 0.307787 0.723406 0.259046 0.720880 0.232111 0.709698 0.226343 0.719078 0.199398 0.712224 0.158352 0.704286 0.162843 0.689854 0.129491 0.676870 0.159000 0.657745 0.150657 0.651974 0.181444 0.658109 0.203889 0.659911 0.228907
3 0.850432 0.541222 0.884417 0.586676 0.909672 0.545102 0.923083 0.515722 0.922146 0.504630 0.911854 0.497981 0.921521 0.466944 0.916219 0.428139 0.904682 0.434787 0.893771 0.399870 0.879427 0.427583 0.858224 0.421491 0.854484 0.458630 0.861031 0.465278 0.864151 0.504083
3 0.667057 0.829731 0.675411 0.850333 0.686464 0.850815 0.709370 0.809611 0.721495 0.803861 0.721224 0.776556 0.707214 0.770324 0.718802 0.735352 0.713411 0.701333 0.702630 0.707083 0.688349 0.670194 0.676490 0.701815 0.657089 0.694148 0.650620 0.725296 0.658167 0.739185 0.659516 0.768889 0.652505 0.795241 0.660859 0.822546
9 0.579531 0.619944 0.602620 0.643028 0.611281 0.669324 0.632203 0.672528 0.639781 0.637898 0.676578 0.603269 0.677302 0.573759 0.660703 0.553241 0.661786 0.494880 0.640141 0.436509 0.632568 0.437157 0.631844 0.457037 0.624630 0.458963 0.606589 0.476278 0.595047 0.511546 0.567990 0.523093 0.578089 0.570556 0.561854 0.591083
10 0.716307 0.531241 0.678307 0.483556 0.683896 0.455741 0.683339 0.416009 0.692839 0.371306 0.704573 0.362361 0.749276 0.305741 0.771630 0.351435 0.784479 0.343491 0.804599 0.358389 0.809068 0.402102 0.804036 0.447796 0.809068 0.472630 0.806943 0.493000 0.801917 0.494093 0.797276 0.474620 0.787891 0.467463 0.774479 0.479685 0.764531 0.502333 0.757042 0.508991 0.761068 0.548926 0.753911 0.559454 0.726141 0.526176
11 0.573146 0.211769 0.611130 0.260009 0.636594 0.261491 0.656208 0.219194 0.662469 0.202870 0.652453 0.185796 0.657880 0.150176 0.663724 0.142759 0.663724 0.142759 0.662052 0.095269 0.643271 0.101204 0.629495 0.075972 0.627828 0.057417 0.614052 0.055194 0.606120 0.095269 0.583161 0.100463 0.581911 0.121241 0.578151 0.161315 0.567302 0.175407
11 0.906750 0.415370 0.906750 0.415370 0.905786 0.375019 0.927036 0.369870 0.937177 0.326935 0.953599 0.322639 0.962776 0.359565 0.984510 0.365574 0.990302 0.400778 1.000000 0.442741 1.000000 0.451056 0.989823 0.466889 0.969536 0.501231 0.951182 0.498657 0.926552 0.502954 0.913510 0.487491 0.923172 0.463454 0.915927 0.422241 0.911099 0.424815
7 0.773755 0.338593 0.783771 0.309648 0.801719 0.279222 0.827182 0.260676 0.853896 0.313361 0.871849 0.320037 0.877693 0.346759 0.848052 0.385343 0.830937 0.413537 0.820505 0.411315 0.808401 0.387565 0.801302 0.355657 0.788365 0.341565
7 0.770125 0.726602 0.801151 0.757380 0.823516 0.795222 0.832896 0.792019 0.846969 0.761231 0.858151 0.745843 0.858510 0.715056 0.862844 0.703509 0.855984 0.668231 0.824599 0.640657 0.807646 0.648352 0.801510 0.682981 0.779146 0.697741
7 0.511870 0.758380 0.533156 0.794000 0.550687 0.782130 0.563208 0.759120 0.591594 0.734639 0.589505 0.699019 0.570724 0.693083 0.572391 0.667852 0.560703 0.648556 0.539833 0.638167 0.518964 0.655972 0.513953 0.692333 0.493917 0.694565 0.491833 0.733148
8 0.571807 0.521435 0.594766 0.525148 0.601443 0.500657 0.612714 0.467269 0.603115 0.445750 0.603115 0.409389 0.598521 0.390093 0.596021 0.366343 0.590219 0.353435 0.576734 0.358704 0.565672 0.380222 0.560286 0.391278 0.553568 0.417620 0.555698 0.440630 0.548974 0.470759 0.547891 0.483222 0.551937 0.492352
8 0.767078 0.633407 0.781052 0.633407 0.821807 0.587444 0.805740 0.552250 0.806672 0.509602 0.801078 0.500491 0.800151 0.474407 0.786641 0.463639 0.768937 0.484759 0.756828 0.513333 0.759156 0.557639 0.755896 0.574611 0.756130 0.599037 0.764516 0.614778
6 0.382833 0.339389 0.402151 0.324787 0.408911 0.292167 0.406984 0.250093 0.406984 0.234639 0.398771 0.194287 0.384766 0.166806 0.371245 0.168528 0.354339 0.196861 0.347094 0.239787 0.346609 0.275852 0.351922 0.324787
5 0.464271 0.270204 0.473286 0.292657 0.493490 0.311898 0.507563 0.309333 0.530651 0.276620 0.533177 0.258667 0.529568 0.241991 0.519104 0.214407 0.509365 0.196454 0.505755 0.184269 0.494573 0.184907 0.489885 0.195806 0.479781 0.211843 0.475094 0.236213 0.468958 0.244556
7 0.490411 0.356991 0.520047 0.382222 0.533823 0.410426 0.545510 0.411907 0.561375 0.382972 0.590177 0.347352 0.589339 0.316926 0.570557 0.317667 0.564297 0.273880 0.539250 0.261269 0.512953 0.315435 0.490411 0.316926
11 0.418089 0.687630 0.362552 0.617231 0.373656 0.598343 0.378969 0.531370 0.399740 0.531370 0.412297 0.491870 0.422922 0.490157 0.434026 0.525361 0.456729 0.534806 0.461073 0.551120 0.458661 0.579454 0.472667 0.615509 0.470734 0.638694 0.440792 0.673898
12 0.364625 0.434333 0.374729 0.406750 0.389156 0.353519 0.414411 0.330435 0.446156 0.343898 0.462755 0.399056 0.467083 0.429204 0.453734 0.417019 0.447964 0.449722 0.454818 0.479870 0.433891 0.524120 0.427760 0.513861 0.425234 0.490769 0.412969 0.491407 0.410802 0.515787 0.392042 0.486278 0.376172 0.474093 0.363906 0.453574
12 0.717318 0.218454 0.730260 0.254815 0.748208 0.260750 0.767411 0.245907 0.774505 0.219935 0.795792 0.207324 0.804557 0.174667 0.793286 0.149435 0.779099 0.095269 0.758938 0.065361 0.739818 0.059574 0.718240 0.076861 0.701292 0.114185 0.699911 0.153000 0.703964 0.166435 0.713146 0.160194 0.719323 0.191361 0.709891 0.208583
12 0.920266 0.655380 0.898563 0.647222 0.887708 0.612343 0.900646 0.578204 0.911500 0.540361 0.923937 0.512537 0.938422 0.499324 0.946688 0.494278 0.970021 0.506444 0.983505 0.531157 0.989766 0.562991 0.998823 0.586593 0.999828 0.618130 0.992979 0.632824 0.969437 0.657833 0.954328 0.686102 0.943849 0.685731
12 0.575490 0.849519 0.580094 0.832269 0.591953 0.792028 0.611625 0.766639 0.630490 0.763759 0.650135 0.784361 0.662802 0.833231 0.666333 0.854787 0.643156 0.853833 0.612167 0.853833 0.609203 0.864852 0.608932 0.941019 0.597880 0.930481 0.598151 0.857185 0.594083 0.851917 0.583599 0.852389
4 0.273062 0.441296 0.262630 0.431648 0.256786 0.399000 0.267641 0.355213 0.270562 0.319593 0.275568 0.294361 0.293516 0.281009 0.319812 0.294361 0.323990 0.329981 0.324406 0.355213 0.334844 0.384898 0.337349 0.413093 0.332755 0.414583 0.316057 0.381926 0.300198 0.406417 0.305203 0.419778 0.297276 0.430907 0.289760 0.422741
14 0.611380 0.451463 0.623484 0.460370 0.636844 0.443296 0.652286 0.481148 0.681922 0.446269 0.686099 0.411389 0.690687 0.371315 0.691943 0.343120 0.642687 0.280787 0.590927 0.349056 0.594682 0.389130 0.597604 0.393583 0.600943 0.449231
11 0.700766 0.851972 0.705115 0.804750 0.726365 0.807324 0.730714 0.789296 0.736026 0.762676 0.751964 0.757528 0.761141 0.800454 0.784802 0.804750 0.787219 0.834796 0.791083 0.870861 0.798328 0.886315 0.746167 0.962731 0.732161 0.954148 0.730229 0.852833
0 0.746141 0.000000 0.735229 0.016981 0.752760 0.044435 0.784062 0.084509 0.832484 0.027370 0.832484 0.000000
13 0.697661 0.673046 0.718115 0.699759 0.730635 0.700500 0.759854 0.667852 0.771125 0.638907 0.766115 0.612935 0.758604 0.602546 0.755682 0.566185 0.737729 0.535019 0.722286 0.524630 0.701000 0.543185 0.687224 0.568407 0.689729 0.597352 0.673448 0.624065 0.678458 0.654491
4 0.621063 0.000000 0.626531 0.027963 0.619016 0.035380 0.598562 0.071741 0.566422 0.069519 0.544719 0.031667 0.546234 0.000000
4 0.832250 0.108333 0.827917 0.128852 0.838380 0.164769 0.872656 0.189139 0.892135 0.180157 0.905844 0.148093 0.903677 0.121157 0.888167 0.122435 0.878068 0.116028 0.879510 0.101917 0.898990 0.097426 0.893219 0.083315 0.892495 0.057657 0.887807 0.023028 0.882031 0.017898 0.866161 0.014046 0.843432 0.020463 0.839823 0.048685 0.839104 0.077546
0 0.253781 0.682620 0.295521 0.733074 0.304286 0.727880 0.341854 0.680389 0.339349 0.652194 0.326411 0.639574 0.318479 0.609889 0.309297 0.595056 0.286339 0.602472 0.261292 0.622509 0.262964 0.641065 0.253781 0.658130
0 0.407359 0.233574 0.433865 0.272380 0.442906 0.274593 0.479385 0.221380 0.483443 0.204750 0.479073 0.189231 0.465667 0.174815 0.464109 0.159852 0.445089 0.141556 0.419208 0.132685 0.409234 0.149315 0.406427 0.175926 0.394891 0.191444 0.399880 0.203639 0.399568 0.219713
