12 0.409427 0.328806 0.400167 0.327019 0.371984 0.292667 0.369969 0.280139 0.374599 0.271907 0.381042 0.246861 0.390703 0.222528 0.405401 0.212148 0.421906 0.225741 0.429151 0.248287 0.436599 0.277639 0.435193 0.292667
0 0.462417 0.338574 0.484510 0.367648 0.489208 0.368889 0.513911 0.335176 0.512693 0.324972 0.505214 0.315074 0.506255 0.303009 0.489380 0.298991 0.480854 0.306407 0.474594 0.304861 0.463109 0.322491
0 0.402427 0.192926 0.424172 0.226333 0.428870 0.225713 0.454448 0.194167 0.454271 0.184269 0.443833 0.169426 0.441052 0.150556 0.433917 0.141583 0.424000 0.140963 0.413562 0.166333 0.403990 0.181481
0 0.207047 0.318741 0.224297 0.339343 0.232380 0.335991 0.251245 0.304852 0.250703 0.290472 0.244505 0.281852 0.242620 0.270352 0.218099 0.254546 0.209203 0.261731 0.207318 0.277537 0.201391 0.290954 0.204354 0.301972
5 0.460797 0.663009 0.469880 0.675435 0.479198 0.677093 0.494339 0.657213 0.496203 0.645213 0.488979 0.630306 0.485719 0.614981 0.482927 0.611259 0.484786 0.587657 0.475005 0.583102 0.466391 0.591796 0.470583 0.607528 0.462427 0.624093 0.455208 0.643963
14 0.343500 0.341546 0.355375 0.356583 0.357187 0.364454 0.362823 0.371250 0.367052 0.371250 0.375708 0.381991 0.372484 0.401667 0.368458 0.407759 0.371479 0.420639 0.368865 0.431370 0.364839 0.442824 0.349536 0.460000 0.347526 0.444972 0.343297 0.428157 0.340276 0.429231 0.339073 0.448556 0.324776 0.445685 0.319745 0.442111 0.321557 0.419926 0.319141 0.409546 0.316120 0.396657 0.314917 0.380917 0.323974 0.370176 0.325786 0.373046 0.335047 0.360519 0.335047 0.356222
13 0.362896 0.560806 0.373354 0.561444 0.387427 0.587102 0.395000 0.587741 0.414521 0.567287 0.420182 0.551574 0.416542 0.535796 0.412536 0.531500 0.411130 0.508602 0.399042 0.488593 0.392406 0.484611 0.381115 0.493204 0.371875 0.506806 0.371661 0.525407 0.366828 0.537593
12 0.335052 0.736093 0.365797 0.695519 0.363000 0.680194 0.353917 0.644593 0.342271 0.627194 0.333188 0.623889 0.309661 0.647898 0.306870 0.672333 0.305703 0.688481 0.315953 0.695519 0.323406 0.705454 0.323641 0.724500
2 0.536568 0.373074 0.555286 0.375944 0.565755 0.367713 0.569979 0.344093 0.564344 0.331565 0.563135 0.307944 0.563135 0.307944 0.558911 0.299713 0.548443 0.300787 0.539385 0.302222 0.536365 0.309380 0.528312 0.328343 0.526500 0.345519 0.529521 0.356972
2 0.453089 0.723139 0.462771 0.748194 0.481271 0.758574 0.494172 0.749620 0.499609 0.726722 0.496589 0.714194 0.490328 0.707750 0.489141 0.696657 0.484693 0.681269 0.471427 0.677694 0.459750 0.694870 0.457135 0.710620
4 0.556917 0.665093 0.571208 0.643620 0.568594 0.622148 0.562354 0.608194 0.561948 0.590306 0.561948 0.590306 0.559937 0.570981 0.556109 0.568111 0.546047 0.566685 0.535578 0.567398 0.532156 0.575991 0.530750 0.606407 0.525516 0.631102 0.526922 0.651139 0.537995 0.662593 0.538599 0.649713 0.547255 0.639685 0.553292 0.650778
4 0.468214 0.282667 0.463797 0.278972 0.456391 0.266731 0.454047 0.256333 0.460417 0.226296 0.460286 0.211741 0.462495 0.193491 0.466135 0.189333 0.475234 0.186324 0.487708 0.190481 0.491740 0.205731 0.490177 0.225833 0.496286 0.242472 0.493167 0.243167 0.487578 0.243620 0.484328 0.259565 0.487057 0.272731 0.486667 0.277815 0.478740 0.278509 0.478349 0.271352 0.467432 0.276435
4 0.299380 0.218880 0.316604 0.223519 0.331391 0.202796 0.333130 0.190426 0.326865 0.170315 0.324083 0.163824 0.325474 0.149287 0.323385 0.129185 0.319214 0.126093 0.308948 0.123611 0.297292 0.126713 0.294333 0.136296 0.293812 0.160426 0.289115 0.181148 0.288766 0.201870
4 0.122448 0.409398 0.127344 0.384972 0.126641 0.361787 0.131536 0.348537 0.154594 0.345222 0.162047 0.370065 0.164141 0.404435 0.155292 0.408991 0.154823 0.422648 0.146672 0.424722
5 0.241635 0.342907 0.251203 0.350333 0.255901 0.361157 0.263557 0.363935 0.272427 0.349713 0.281474 0.337648 0.281302 0.325583 0.276604 0.318472 0.273646 0.306102 0.267208 0.295278 0.264776 0.286926 0.259552 0.286926 0.256073 0.293111 0.249292 0.306722 0.248245 0.315685 0.243198 0.324972
6 0.205891 0.323481 0.210521 0.343880 0.206094 0.367139 0.191599 0.375009 0.172677 0.363204 0.169656 0.334213 0.174687 0.324556 0.176099 0.300574 0.181130 0.288046 0.189990 0.277667 0.195625 0.277315 0.198646 0.286259 0.203677 0.292704
6 0.574714 0.562602 0.580552 0.589083 0.591422 0.595528 0.607323 0.590880 0.612354 0.576565 0.611552 0.552583 0.609740 0.544352 0.609740 0.531111 0.606516 0.513222 0.592630 0.497111 0.588000 0.501046 0.581354 0.518944 0.579948 0.544352
7 0.453630 0.419676 0.479396 0.383528 0.480401 0.368852 0.473964 0.363130 0.457052 0.342019 0.452823 0.330565 0.446583 0.332713 0.432693 0.350963 0.433297 0.359194 0.419812 0.375657 0.421625 0.381741 0.429073 0.379231 0.438333 0.388537 0.440745 0.402852
7 0.434755 0.618630 0.450094 0.640278 0.453698 0.639481 0.464979 0.621296 0.471745 0.610343 0.470089 0.593231 0.468740 0.584944 0.473401 0.567565 0.467083 0.553935 0.457760 0.561148 0.451297 0.551796 0.442271 0.558750 0.435505 0.585481 0.423625 0.585750 0.421672 0.605796
7 0.280599 0.418222 0.273844 0.401657 0.256839 0.385926 0.256375 0.366880 0.270583 0.360250 0.281297 0.334583 0.285953 0.330435 0.289682 0.340380 0.302490 0.338306 0.309479 0.353213 0.314370 0.377639 0.312505 0.383435 0.300625 0.395037 0.290609 0.414491
8 0.418500 0.548407 0.425807 0.548407 0.447729 0.523352 0.445120 0.508815 0.441990 0.502630 0.441292 0.484380 0.437990 0.469222 0.437292 0.453454 0.431375 0.447269 0.419896 0.458398 0.412240 0.478194 0.413630 0.502315 0.410849 0.513148 0.411370 0.528917 0.416589 0.536963
8 0.306635 0.479343 0.303328 0.478722 0.289755 0.459231 0.292542 0.447481 0.294974 0.417481 0.300021 0.403250 0.303500 0.391806 0.312547 0.386241 0.320724 0.403250 0.322292 0.423667 0.321943 0.441917 0.325422 0.448102 0.319161 0.458000 0.318984 0.483667 0.308198 0.473463
9 0.297552 0.536102 0.316885 0.545213 0.332953 0.567991 0.346927 0.545630 0.360906 0.546454 0.366729 0.521611 0.356245 0.502565 0.354380 0.467787 0.343901 0.425963 0.339943 0.428037 0.337615 0.442935 0.324802 0.444593 0.317583 0.457435 0.317349 0.480204 0.307333 0.473583 0.304307 0.486833 0.306870 0.507537 0.302677 0.517472
10 0.380729 0.490731 0.366448 0.457676 0.368875 0.438037 0.370490 0.405454 0.377766 0.392519 0.405255 0.362815 0.419536 0.381981 0.427891 0.380065 0.441906 0.392046 0.444599 0.430852 0.438401 0.441389 0.443521 0.455278 0.438130 0.468694 0.435437 0.451926 0.423312 0.451444 0.417922 0.467741 0.412802 0.477315 0.414146 0.501750 0.410911 0.504630 0.393396 0.484028 0.384776 0.488333
11 0.305214 0.300250 0.328359 0.331741 0.336818 0.331389 0.359161 0.304546 0.366807 0.284861 0.359161 0.270907 0.355937 0.234407 0.345474 0.237269 0.338427 0.224741 0.335807 0.211139 0.328161 0.213287 0.323130 0.232259 0.309437 0.236907 0.307625 0.251222 0.308432 0.262676 0.301990 0.282000
11 0.508677 0.475102 0.491234 0.451574 0.493490 0.437676 0.497396 0.431796 0.499953 0.396509 0.512583 0.395972 0.514536 0.386889 0.519052 0.367907 0.526568 0.368444 0.528224 0.381009 0.536193 0.394639 0.545516 0.395444 0.546568 0.410407 0.547318 0.426713 0.553333 0.437407 0.553333 0.445694 0.535438 0.472426 0.526719 0.470287 0.522359 0.467352 0.515141 0.471630
11 0.375005 0.702157 0.404234 0.738343 0.438682 0.697204 0.428594 0.681435 0.427547 0.645861 0.416938 0.649269 0.410151 0.637509 0.407714 0.621426 0.399714 0.622046 0.394667 0.645241 0.388057 0.648954 0.383010 0.648028 0.380573 0.660398 0.378833 0.681435 0.377443 0.688546
12 0.243115 0.423352 0.249552 0.436037 0.246943 0.453667 0.219276 0.486759 0.209536 0.486759 0.211797 0.462324 0.197182 0.459852 0.191266 0.448102 0.183786 0.428926 0.188656 0.418407 0.194052 0.391806 0.208318 0.374491 0.214927 0.372009 0.229193 0.380361 0.236677 0.400463
0 0.486177 0.683287 0.509667 0.717926 0.516453 0.716380 0.524802 0.698139 0.523932 0.669676 0.528458 0.664731 0.515234 0.633806 0.503750 0.637204 0.494880 0.657620 0.486875 0.673704
1 0.548026 0.759241 0.572016 0.724463 0.570151 0.704176 0.571547 0.691750 0.570385 0.666907 0.545927 0.639991 0.522870 0.669806 0.524500 0.702102 0.522406 0.725704
1 0.581703 0.515111 0.592417 0.501444 0.605458 0.490269 0.604062 0.465833 0.607323 0.453417 0.604062 0.430639 0.581005 0.401657 0.557016 0.435194 0.559807 0.461694 0.558177 0.489435
1 0.546714 0.276630 0.568453 0.252657 0.565635 0.232972 0.570464 0.217231 0.569458 0.198620 0.545906 0.168556 0.522354 0.200046 0.522755 0.217583 0.526984 0.224028 0.523161 0.250148 0.531411 0.253370 0.534833 0.261963
1 0.190089 0.279463 0.214849 0.251907 0.212229 0.227213 0.213844 0.218981 0.213438 0.196074 0.189281 0.163509 0.189281 0.163509 0.165932 0.197509 0.166135 0.216120 0.166333 0.251907
2 0.239714 0.244917 0.245370 0.267907 0.258307 0.282287 0.275552 0.280843 0.279323 0.267435 0.284443 0.258333 0.283906 0.242037 0.278786 0.234852 0.272318 0.206111 0.261807 0.198444 0.249141 0.208509 0.245911 0.222880
12 0.506672 0.560926 0.493385 0.553046 0.488557 0.534796 0.494396 0.519056 0.501437 0.492213 0.512307 0.472889 0.522172 0.465731 0.538073 0.476111 0.547135 0.496148 0.553776 0.527278 0.555792 0.538731 0.544115 0.554481 0.539484 0.555556 0.531635 0.569148 0.522776 0.578815
0 0.571422 0.417546 0.568266 0.408991 0.578187 0.391889 0.580594 0.378787 0.589917 0.371565 0.609318 0.373176 0.613979 0.391352 0.621646 0.407389 0.619990 0.418083 0.605859 0.435722 0.598943 0.426370 0.596083 0.430111 0.587812 0.420491 0.589766 0.414880 0.581646 0.403648
