14 0.179083 0.774639 0.194599 0.793231 0.231036 0.740000 0.236448 0.686769 0.241495 0.677787 0.241135 0.647009 0.229229 0.633537 0.226344 0.636102 0.214078 0.621991 0.211552 0.607241 0.196401 0.588000 0.177281 0.604676 0.177281 0.620065 0.165734 0.632250 0.160687 0.632250 0.144813 0.652778 0.146615 0.684843 0.154193 0.689972 0.154193 0.713704 0.159604 0.731667 0.173672 0.761167
2 0.486167 0.588898 0.496271 0.626093 0.513948 0.642769 0.541365 0.642130 0.559042 0.616472 0.558318 0.585046 0.551828 0.568370 0.548578 0.526046 0.533068 0.506167 0.511422 0.511935 0.491219 0.563889
4 0.378115 0.397315 0.368448 0.451083 0.380609 0.483787 0.422078 0.502083 0.421453 0.464944 0.444526 0.444435 0.438917 0.420046 0.431120 0.385120 0.430188 0.370713 0.428312 0.344102 0.419271 0.335231 0.404620 0.333019 0.387469 0.339667
4 0.147745 0.395074 0.120495 0.386380 0.102328 0.355741 0.104656 0.319713 0.111875 0.294046 0.110479 0.270028 0.117469 0.237731 0.153099 0.233593 0.159625 0.247250 0.161953 0.283694 0.171271 0.323444 0.175927 0.350352 0.163583 0.376852
7 0.320589 0.642769 0.324953 0.621148 0.336490 0.620593 0.349583 0.604519 0.357693 0.577361 0.366734 0.566824 0.375464 0.576806 0.392927 0.572926 0.401969 0.591222 0.396042 0.615611 0.407578 0.622259 0.414438 0.645537 0.410698 0.665500 0.370161 0.716491 0.348339 0.684898 0.346156 0.658287 0.329630 0.644435
7 0.052094 0.656852 0.073922 0.675139 0.091693 0.711167 0.106036 0.712833 0.116016 0.682898 0.145010 0.656296 0.144078 0.621926 0.133161 0.623037 0.133161 0.604741 0.106349 0.592546 0.099177 0.567046 0.091693 0.570380 0.070490 0.620259 0.050536 0.623593
8 0.349443 0.823796 0.349177 0.799833 0.345401 0.795528 0.344057 0.778278 0.342708 0.762944 0.321151 0.771093 0.307677 0.798880 0.303630 0.819000 0.306328 0.847269 0.323036 0.855889 0.330849 0.856370 0.330849 0.925833 0.344057 0.907630 0.343516 0.828583
10 0.291620 0.851352 0.273849 0.849694 0.231443 0.794259 0.229885 0.758231 0.234250 0.726639 0.236745 0.687278 0.248901 0.667880 0.290995 0.619657 0.315630 0.652361 0.328099 0.646259 0.346187 0.657898 0.348682 0.679519 0.348990 0.741602 0.350240 0.785398 0.345875 0.789278 0.340885 0.770981 0.324672 0.766546 0.312823 0.783731 0.306901 0.814769 0.305026 0.834731
11 0.129328 0.520343 0.162208 0.560583 0.180260 0.565370 0.199932 0.546213 0.227693 0.505491 0.225536 0.478657 0.215297 0.471954 0.212599 0.412546 0.196432 0.419250 0.189964 0.412546 0.187536 0.400093 0.181880 0.393861 0.181073 0.375176 0.168406 0.374694 0.166786 0.391463 0.158432 0.403444 0.160323 0.413981 0.149542 0.418296 0.139302 0.413981 0.136339 0.436981 0.134719 0.471954 0.126094 0.491120
11 0.461740 0.802741 0.432740 0.765046 0.432432 0.746759 0.442406 0.730130 0.443344 0.699639 0.446151 0.671926 0.469224 0.673037 0.468599 0.660843 0.476396 0.634787 0.487932 0.630907 0.501026 0.669713 0.520047 0.673037 0.521917 0.696870 0.533766 0.742880 0.532208 0.757843 0.501964 0.792769 0.498844 0.796648 0.480448 0.790546
12 0.261302 0.524954 0.274651 0.558306 0.293052 0.567287 0.313255 0.551889 0.318667 0.526880 0.341391 0.514056 0.342833 0.487111 0.337786 0.469796 0.332010 0.442861 0.316823 0.398157 0.299833 0.379944 0.282802 0.378722 0.259281 0.404380 0.247198 0.450750 0.238792 0.484296 0.238792 0.509944
12 0.450557 0.821009 0.464031 0.800889 0.482896 0.788435 0.506068 0.800889 0.516307 0.821972 0.516578 0.825806 0.472922 0.824843 0.470229 0.830111 0.468880 0.946056 0.464297 0.943657 0.464297 0.829639 0.459719 0.823407 0.451365 0.823407
0 0.285880 0.346231 0.310089 0.373694 0.327203 0.401148 0.340979 0.393731 0.373953 0.347722 0.370615 0.319519 0.356839 0.307648 0.352250 0.278704 0.339307 0.258667 0.318437 0.259417 0.306333 0.304676 0.287969 0.326204
0 0.401786 0.605833 0.419464 0.628278 0.428120 0.630843 0.449766 0.600704 0.468526 0.579537 0.468885 0.557731 0.455536 0.544259 0.455536 0.526306 0.445437 0.503213 0.433891 0.493593 0.417297 0.505778 0.400703 0.539130 0.383026 0.551954 0.383026 0.575046 0.396010 0.573120 0.403589 0.593648
0 0.565896 0.717231 0.557599 0.708259 0.556156 0.689657 0.571667 0.669130 0.576000 0.646685 0.591151 0.635139 0.603776 0.633861 0.624339 0.638343 0.632276 0.669130 0.642016 0.692861 0.640573 0.705685 0.617484 0.737120 0.606302 0.719157 0.600167 0.726852 0.589344 0.712741 0.592234 0.701204 0.577078 0.684528 0.565536 0.702481 0.569865 0.712741
1 0.593552 0.852315 0.620115 0.828269 0.616734 0.793074 0.619630 0.763880 0.617214 0.732972 0.604656 0.718370 0.598865 0.726954 0.589688 0.715796 0.593068 0.707213 0.579062 0.685056 0.564813 0.704722 0.568000 0.713306 0.559161 0.729019 0.551292 0.721889 0.540036 0.736231 0.540229 0.767657 0.544870 0.778815 0.541630 0.823722 0.562542 0.853259
1 0.523255 0.487176 0.557557 0.439500 0.551630 0.404028 0.557557 0.384620 0.558177 0.351370 0.519828 0.303139 0.481786 0.353028 0.483349 0.384620 0.488958 0.390722 0.485844 0.435620 0.489896 0.441167 0.497687 0.443935 0.499562 0.456130
