6 0.470375 0.765657 0.508359 0.738194 0.510448 0.671407 0.502938 0.649889 0.507109 0.625398 0.495839 0.577167 0.486656 0.572713 0.483734 0.557130 0.465786 0.553426 0.458271 0.569750 0.441995 0.582361 0.434062 0.645435 0.431141 0.683287 0.438651 0.743389
10 0.003891 0.516148 0.051385 0.569787 0.088828 0.557870 0.119563 0.518130 0.122354 0.489324 0.140797 0.464481 0.130177 0.427731 0.136885 0.398917 0.136323 0.321435 0.108385 0.291630 0.097042 0.300769 0.060271 0.257157 0.000000 0.317880 0.000000 0.509435 0.000031 0.512370
11 0.368484 0.399056 0.384719 0.414444 0.381115 0.434333 0.341068 0.494620 0.323031 0.484361 0.307156 0.481787 0.290922 0.499111 0.253042 0.461907 0.246547 0.434333 0.259536 0.406111 0.263505 0.361861 0.265307 0.327222 0.271802 0.319528 0.294531 0.329787 0.297776 0.311194 0.305354 0.272713 0.321224 0.269500 0.334573 0.322731 0.365599 0.325296
12 0.285328 0.683176 0.255385 0.670352 0.239984 0.626352 0.256219 0.584213 0.271187 0.527648 0.296115 0.490519 0.315745 0.482241 0.341323 0.493852 0.363474 0.528806 0.371589 0.580306 0.385589 0.615833 0.388109 0.634111 0.362531 0.671759 0.350990 0.672917 0.344750 0.690102 0.321693 0.719991 0.312641 0.721148
12 0.109609 0.000000 0.112437 0.025898 0.130833 0.070611 0.130604 0.089657 0.112901 0.123611 0.087745 0.158602 0.072307 0.165315 0.041000 0.165315 0.013870 0.131148 0.000000 0.115824 0.000000 0.025648 0.009062 0.000000
4 0.259302 0.000000 0.267760 0.034889 0.237458 0.089407 0.196693 0.088130 0.173964 0.062472 0.163859 0.022065 0.170224 0.000000
2 0.322740 0.216454 0.335135 0.259574 0.357500 0.281611 0.383911 0.284491 0.403313 0.270593 0.416521 0.230833 0.414901 0.204963 0.403854 0.189148 0.399813 0.145556 0.398193 0.128787 0.381219 0.113935 0.355078 0.113454 0.345646 0.141722 0.330286 0.170463
1 0.440615 0.589185 0.463990 0.563213 0.494464 0.529083 0.489036 0.471944 0.494880 0.456361 0.492375 0.410352 0.482354 0.399222 0.480271 0.394769 0.472422 0.403750 0.456099 0.378370 0.459146 0.370796 0.443453 0.344009 0.425714 0.368352 0.428760 0.381926 0.416448 0.403000 0.408224 0.391204 0.390484 0.411611 0.393115 0.454204 0.397120 0.465259 0.392318 0.529380
0 0.421984 0.376694 0.412943 0.368380 0.415750 0.343991 0.433521 0.320713 0.440693 0.295213 0.450672 0.281352 0.470938 0.273593 0.481849 0.277472 0.499625 0.278028 0.511781 0.306296 0.514589 0.327917 0.525505 0.346213 0.527062 0.366167 0.492141 0.408852 0.480292 0.392222 0.471250 0.402750 0.455661 0.378917 0.458776 0.369491 0.443812 0.343435
0 0.182297 0.200944 0.198172 0.218898 0.232443 0.264435 0.243266 0.267000 0.264188 0.234287 0.293771 0.199657 0.295578 0.184907 0.289083 0.161815 0.277896 0.152194 0.277896 0.132315 0.271406 0.109222 0.257333 0.086778 0.242182 0.087417 0.205745 0.143861 0.186984 0.170157
7 0.141000 0.353759 0.153125 0.382028 0.173068 0.378676 0.194354 0.336519 0.224536 0.310167 0.224536 0.280463 0.213490 0.254593 0.194089 0.238306 0.191932 0.210037 0.183849 0.202370 0.173875 0.204769 0.164714 0.185130 0.155823 0.189917 0.127255 0.253157 0.103807 0.258426 0.097609 0.297231 0.113240 0.292444 0.132375 0.314000
