7 0.303094 0.561796 0.310958 0.570787 0.321630 0.586759 0.329042 0.583759 0.334656 0.574176 0.344318 0.564194 0.343979 0.551213 0.341172 0.540435 0.334995 0.536435 0.335104 0.520667 0.326010 0.516870 0.318818 0.530250 0.309724 0.527852 0.306578 0.536843 0.309724 0.542426 0.305568 0.552213
11 0.192349 0.140843 0.195203 0.135231 0.194755 0.122935 0.198661 0.114380 0.205130 0.111444 0.210844 0.096472 0.216255 0.093259 0.225276 0.108769 0.231141 0.110639 0.236255 0.125343 0.234599 0.132287 0.240016 0.144593 0.239714 0.159287 0.234750 0.170519 0.219714 0.185491 0.207682 0.185759 0.201219 0.170787 0.201068 0.162500 0.193849 0.149667
11 0.354854 0.480583 0.375990 0.512787 0.384646 0.511713 0.405380 0.482370 0.408198 0.472704 0.403969 0.465907 0.404974 0.450519 0.402359 0.442287 0.394307 0.437991 0.391490 0.430120 0.383036 0.421889 0.378604 0.423324 0.374177 0.437639 0.368943 0.439065 0.362703 0.448019 0.362500 0.460185
11 0.346339 0.209417 0.359870 0.231065 0.379417 0.238815 0.385432 0.227056 0.383932 0.198185 0.392052 0.187222 0.393104 0.170648 0.386333 0.162630 0.383026 0.163167 0.380021 0.153546 0.374005 0.147667 0.368292 0.148731 0.364531 0.163435 0.354156 0.166639 0.352052 0.174398 0.353557 0.187222
12 0.460255 0.325269 0.463417 0.306824 0.472589 0.292389 0.486271 0.289185 0.498750 0.302815 0.503865 0.324731 0.510177 0.339435 0.507474 0.351463 0.503563 0.357611 0.490177 0.361361 0.492583 0.365898 0.485380 0.380148 0.479292 0.382639 0.471818 0.377370 0.473729 0.358815 0.469385 0.352620 0.470073 0.341815
12 0.529276 0.579926 0.537328 0.578139 0.545984 0.565611 0.557865 0.553083 0.558750 0.533833 0.552245 0.525741 0.547958 0.505167 0.541979 0.491102 0.528354 0.484157 0.515870 0.497333 0.510156 0.517194 0.502344 0.537519 0.502083 0.546324 0.507297 0.554620 0.514182 0.549759 0.519635 0.556954
12 0.224359 0.597583 0.212875 0.576241 0.196349 0.564796 0.192172 0.551806 0.201391 0.540361 0.208875 0.511907 0.221224 0.499537 0.234276 0.501704 0.243323 0.516241 0.248891 0.538509 0.254281 0.549954 0.252719 0.564796 0.244542 0.564491 0.235318 0.566343
12 0.269781 0.383657 0.278354 0.372565 0.277969 0.364944 0.287323 0.363787 0.293432 0.350157 0.293432 0.334676 0.285115 0.324741 0.282516 0.308565 0.275109 0.295630 0.267052 0.289389 0.254052 0.293324 0.245995 0.312037 0.241839 0.327972 0.235599 0.340917 0.241318 0.351083 0.250286 0.355009 0.261594 0.380657
10 0.398042 0.000000 0.402984 0.017861 0.403589 0.029315 0.391307 0.023231 0.385875 0.030389 0.386880 0.043630 0.382651 0.043269 0.375807 0.049713 0.375406 0.035398 0.368563 0.014278 0.359906 0.008917 0.346016 0.004972 0.346531 0.000000
9 0.346943 0.351787 0.363297 0.374056 0.371125 0.384259 0.389047 0.366009 0.398792 0.347454 0.391656 0.324565 0.391833 0.308787 0.385047 0.278787 0.380521 0.272917 0.375479 0.281269 0.369734 0.284972 0.361385 0.300444 0.359646 0.313741 0.348161 0.311269
8 0.600917 0.366972 0.613260 0.369750 0.622099 0.360972 0.623141 0.345722 0.618589 0.331861 0.620151 0.318685 0.618589 0.302287 0.615990 0.287269 0.605724 0.289806 0.598969 0.303444 0.595589 0.327704 0.595458 0.354037
8 0.140536 0.369074 0.128531 0.365981 0.121573 0.351750 0.123484 0.341546 0.124005 0.311546 0.129922 0.297630 0.138448 0.286185 0.142448 0.287417 0.144885 0.300722 0.148016 0.310306 0.146276 0.328556 0.149057 0.346185 0.151844 0.357009
8 0.364292 0.681528 0.375870 0.685806 0.385943 0.679120 0.386698 0.662815 0.382635 0.648648 0.384891 0.633944 0.381135 0.614157 0.382036 0.604000 0.374667 0.601333 0.364594 0.613898 0.360984 0.622713 0.358880 0.661481 0.359031 0.667889
7 0.197156 0.290481 0.205505 0.298074 0.211234 0.309806 0.217839 0.309463 0.223661 0.303074 0.236865 0.283750 0.233563 0.273917 0.229583 0.268731 0.232203 0.254241 0.225115 0.245611 0.216964 0.250963 0.208422 0.245778 0.204828 0.248028 0.205797 0.258898 0.202984 0.270463 0.195703 0.276157
11 0.503427 0.152981 0.513953 0.173565 0.529891 0.186130 0.538312 0.184528 0.554099 0.162602 0.555755 0.143889 0.550344 0.133472 0.550490 0.116630 0.542672 0.109944 0.539964 0.111815 0.539062 0.109944 0.537562 0.103796 0.531396 0.094435 0.527182 0.094972 0.522672 0.109139 0.517865 0.110750 0.510193 0.119565 0.510344 0.132935
13 0.249391 0.103463 0.259052 0.119926 0.272141 0.118130 0.286432 0.095944 0.289250 0.074120 0.281396 0.057296 0.280594 0.044417 0.266703 0.025444 0.258448 0.028306 0.245969 0.049065 0.245969 0.058731 0.240130 0.069102 0.242344 0.084139 0.248786 0.094157
7 0.528115 0.442222 0.508120 0.414157 0.514885 0.399722 0.513682 0.385019 0.520297 0.375657 0.530823 0.380741 0.537740 0.375657 0.544057 0.380741 0.543604 0.395176 0.549922 0.405065 0.550672 0.418426 0.533229 0.442491
7 0.421109 0.172546 0.409979 0.156157 0.413458 0.141620 0.414500 0.126769 0.420589 0.116870 0.434333 0.109454 0.446688 0.132028 0.455036 0.148731 0.453818 0.162954 0.445120 0.169148 0.438859 0.161102 0.426677 0.166361
6 0.579057 0.156213 0.569599 0.172676 0.565974 0.191639 0.563562 0.218120 0.568792 0.237093 0.582078 0.238519 0.593755 0.231722 0.595568 0.210963 0.592146 0.198083 0.590938 0.166231
6 0.159208 0.483870 0.163568 0.506593 0.174844 0.518352 0.189880 0.506861 0.192438 0.485741 0.190182 0.473713 0.190781 0.459278 0.185521 0.441898 0.176500 0.432815 0.170333 0.434417 0.163870 0.450454
14 0.485964 0.649074 0.509411 0.615537 0.506984 0.593500 0.505906 0.572417 0.480844 0.537444 0.452010 0.576250 0.459823 0.616972
0 0.604505 0.155417 0.625167 0.184528 0.630104 0.184065 0.652599 0.157259 0.652083 0.148019 0.647792 0.141778 0.645443 0.126074 0.634266 0.117065 0.622437 0.114981 0.616068 0.122148 0.613990 0.136241 0.607896 0.145713
2 0.514990 0.000000 0.511297 0.009046 0.514286 0.024296 0.520521 0.027991 0.530922 0.044167 0.541969 0.045324 0.549115 0.031926 0.549766 0.020602 0.548464 0.010435 0.545083 0.008130 0.544417 0.000000
3 0.519583 0.292343 0.529833 0.306833 0.550797 0.279093 0.545672 0.262537 0.550797 0.241833 0.546370 0.226093 0.535422 0.211185 0.514927 0.226093 0.517255 0.261287
3 0.408068 0.543222 0.433922 0.573454 0.451854 0.543639 0.446729 0.527491 0.452323 0.503889 0.446964 0.489815 0.435083 0.475315 0.418083 0.491056 0.414354 0.513824 0.419250 0.526667
3 0.199068 0.427722 0.224833 0.459213 0.252208 0.427722 0.240130 0.407324 0.243755 0.386565 0.240937 0.374759 0.228859 0.358296 0.209937 0.371898 0.208932 0.394083 0.213156 0.404463
2 0.111464 0.160824 0.097891 0.154639 0.097547 0.135463 0.109724 0.111648 0.122771 0.109481 0.128859 0.120306 0.129729 0.136694 0.136344 0.145361 0.136865 0.162991 0.131818 0.172269 0.117031 0.177833
2 0.625885 0.565685 0.633328 0.572481 0.645609 0.566398 0.651245 0.546361 0.647823 0.530611 0.643797 0.530250 0.642589 0.513074 0.634339 0.502694 0.622057 0.502343 0.618234 0.518444 0.613604 0.526676 0.614208 0.536333 0.629302 0.539556 0.633531 0.550296 0.626083 0.562463
2 0.218615 0.701565 0.209354 0.697981 0.203917 0.680093 0.213984 0.658620 0.220021 0.647880 0.231094 0.647528 0.237130 0.655398 0.238141 0.674361 0.245786 0.682593 0.243573 0.687963 0.239146 0.692620 0.236526 0.711583 0.225255 0.714806
0 0.113229 0.579417 0.133026 0.605500 0.142109 0.603426 0.151193 0.585630 0.149792 0.569481 0.155615 0.564093 0.151656 0.555815 0.149563 0.540491 0.140943 0.531380 0.131161 0.535528 0.123010 0.556231 0.115557 0.562435
0 0.511479 0.666741 0.517068 0.660528 0.522427 0.641065 0.529880 0.634444 0.541292 0.643139 0.544323 0.662185 0.552474 0.670463 0.553870 0.682472 0.533604 0.709389 0.525922 0.709389 0.515672 0.690343 0.512646 0.685787
0 0.704167 0.421407 0.716562 0.434824 0.725995 0.448241 0.733813 0.442009 0.750786 0.419019 0.750516 0.406083 0.740818 0.399852 0.738661 0.384519 0.731385 0.373981 0.722490 0.377333 0.716026 0.394583 0.708479 0.404639
0 0.196677 -0.000000 0.192443 0.015389 0.194870 0.026407 0.202953 0.038861 0.205646 0.037426 0.215078 0.051796 0.227474 0.039343 0.235021 0.015389 0.233693 0.000000
0 0.023349 0.276926 0.035818 0.297435 0.009875 0.329583 0.000000 0.321454 0.000000 0.266824 0.005854 0.257685 0.011901 0.255528 0.012307 0.264120 0.017172 0.271546
1 0.343427 0.475407 0.363437 0.450361 0.361177 0.429944 0.362917 0.406130 0.343604 0.382620 0.323943 0.409222 0.326380 0.426231 0.324813 0.451287
1 0.452995 0.410972 0.472563 0.384889 0.469068 0.365843 0.471396 0.341407 0.451833 0.317398 0.432036 0.342657 0.433667 0.362528 0.431104 0.383231 0.435760 0.399380
5 0.541042 0.341352 0.550401 0.348519 0.555990 0.357528 0.560927 0.361222 0.567688 0.354981 0.570547 0.331185 0.570932 0.317787 0.565349 0.303231 0.565734 0.286139 0.560406 0.280593 0.555078 0.285213 0.555339 0.298380 0.551182 0.310398
5 0.192365 0.331028 0.197432 0.340963 0.202630 0.357389 0.199510 0.367787 0.193271 0.367528 0.190802 0.377231 0.185214 0.381620 0.180667 0.379778 0.171307 0.368454 0.170531 0.358056 0.175469 0.354130 0.177807 0.345815 0.175078 0.335417 0.179365 0.331028 0.183786 0.324093 0.186516 0.322944
4 0.277484 0.195704 0.282896 0.205324 0.285906 0.224037 0.272974 0.246222 0.256734 0.240074 0.245156 0.223500 0.246958 0.203722 0.251771 0.194361 0.252224 0.179926 0.253276 0.164954 0.265156 0.160685 0.275682 0.165759
4 0.485812 0.244454 0.473854 0.241917 0.462938 0.226898 0.463979 0.207491 0.469438 0.193398 0.468266 0.175148 0.470995 0.164750 0.480745 0.160130 0.492438 0.165444 0.495167 0.183926 0.492958 0.193398 0.500625 0.205176 0.501406 0.223435
4 0.475125 0.501481 0.486120 0.505065 0.501557 0.487463 0.499792 0.471796 0.493750 0.458222 0.494339 0.442565 0.491573 0.429435 0.488802 0.426750 0.480078 0.422130 0.469839 0.426602 0.468411 0.449870 0.469167 0.454796 0.464469 0.470454 0.464219 0.489694
4 0.326797 0.433861 0.320776 0.442315 0.307188 0.438519 0.298646 0.427824 0.295927 0.414528 0.299906 0.395722 0.302427 0.391574 0.301651 0.378463 0.303302 0.363796 0.305245 0.362065 0.314760 0.357583 0.324661 0.362065 0.326797 0.380704 0.325339 0.393648 0.330000 0.402102 0.324755 0.409352
0 0.349437 0.849222 0.337156 0.868546 0.329708 0.867111 0.309781 0.833833 0.314010 0.823093 0.322260 0.817009 0.325484 0.805204 0.332526 0.795537 0.339172 0.794463 0.347427 0.806991 0.346219 0.818796 0.351651 0.823454 0.352656 0.837769
1 0.274620 0.646176 0.295151 0.618954 0.291672 0.598231 0.293760 0.576583 0.273927 0.551528 0.254964 0.579981 0.257396 0.598231 0.254094 0.621426
1 0.165813 0.146315 0.183906 0.170130 0.185302 0.176972 0.183036 0.189926 0.185302 0.209444 0.185474 0.215324 0.165990 0.238176 0.146156 0.210648 0.148938 0.193056 0.147370 0.170787
1 0.293932 0.239602 0.312547 0.263111 0.310807 0.283833 0.313594 0.297444 0.307677 0.297750 0.304547 0.306407 0.305766 0.315685 0.294104 0.330537 0.284016 0.318778 0.281911 0.308111 0.277057 0.297259 0.275891 0.294657 0.277839 0.284824 0.275318 0.263602
1 0.405354 0.263750 0.422198 0.238389 0.419391 0.219222 0.421187 0.199250 0.402318 0.172898 0.382885 0.199250 0.385583 0.214028 0.382776 0.239593
4 0.289167 0.470370 0.295953 0.487074 0.295083 0.503769 0.282901 0.520472 0.268464 0.519852 0.256458 0.499444 0.259937 0.471602 0.261849 0.456139 0.262375 0.440676 0.277161 0.432019 0.286208 0.442222
1 0.579453 0.500204 0.560057 0.475611 0.563062 0.453157 0.560203 0.435241 0.579453 0.409852 0.599453 0.434176 0.596292 0.452889 0.599453 0.475880
3 0.306635 0.167667 0.288234 0.147380 0.303375 0.129991 0.296854 0.105565 0.303141 0.090241 0.318281 0.084028 0.333651 0.098519 0.333188 0.126269 0.328297 0.131648 0.331094 0.139102 0.323406 0.146556 0.326667 0.158972 0.315953 0.169741
