8 0.554495 0.330241 0.547490 0.338861 0.565786 0.364731 0.581687 0.343657 0.575490 0.302454 0.569589 0.290954 0.558536 0.299583
11 0.428130 0.487176 0.431500 0.479389 0.428917 0.469806 0.431839 0.464417 0.437792 0.458620 0.439250 0.461815 0.440938 0.460019 0.440714 0.454028 0.445427 0.445639 0.448234 0.445046 0.449922 0.448037 0.449807 0.456630 0.453068 0.457028 0.454641 0.460417 0.457333 0.458222 0.463964 0.464213 0.465307 0.470407 0.463849 0.475000 0.465760 0.481787 0.467891 0.489769 0.466880 0.492370 0.464297 0.490769 0.460031 0.494167 0.458010 0.499759 0.459021 0.505148 0.456661 0.508546 0.454302 0.504546 0.448234 0.509741 0.448125 0.520528 0.442057 0.519528 0.437453 0.512741 0.438240 0.499954 0.434083 0.494769 0.430266 0.493565
11 0.418141 0.573917 0.438875 0.600037 0.460818 0.572120 0.454172 0.542065 0.439682 0.522741 0.422167 0.544213
11 0.458583 0.562991 0.464563 0.565528 0.485745 0.539657 0.483406 0.526481 0.480547 0.509852 0.465865 0.490444 0.461964 0.492296 0.446891 0.509852 0.446370 0.532028 0.455594 0.544972
12 0.497109 0.431769 0.498922 0.441787 0.506172 0.443222 0.508182 0.424250 0.516417 0.412694 0.529661 0.411296 0.529661 0.406935 0.523823 0.397231 0.522656 0.384528 0.517182 0.371111 0.507964 0.364167 0.497958 0.367426 0.489240 0.383602 0.487693 0.397231 0.481328 0.409472 0.484187 0.419389 0.489641 0.422176
12 0.512089 0.364731 0.515234 0.357343 0.516807 0.346759 0.523771 0.334981 0.531073 0.329583 0.541073 0.334583 0.548370 0.349954 0.549271 0.362935 0.557583 0.373713 0.553651 0.378509 0.548823 0.375917 0.537812 0.380306 0.532646 0.395685 0.531521 0.408259 0.529276 0.408259 0.524219 0.391574
12 0.520599 0.487944 0.527229 0.487944 0.528271 0.478704 0.531906 0.475704 0.530219 0.468083 0.536844 0.469694 0.546984 0.456991 0.546854 0.451444 0.541135 0.442204 0.538536 0.426028 0.530870 0.412630 0.525411 0.410315 0.515792 0.413324 0.506953 0.427185 0.503969 0.444741 0.503448 0.448213 0.517484 0.467389 0.517354 0.476167
12 0.539885 0.431713 0.542615 0.435870 0.540016 0.443500 0.547557 0.453204 0.550417 0.453657 0.557302 0.443731 0.556260 0.435176 0.563542 0.435176 0.575104 0.422009 0.573286 0.416231 0.566786 0.406991 0.563672 0.390361 0.557042 0.378111 0.547297 0.376259 0.536896 0.384120 0.532219 0.397750 0.531052 0.410685 0.529620 0.412306 0.536641 0.420620
13 0.695714 0.471139 0.715510 0.498880 0.726458 0.496806 0.739734 0.477352 0.739964 0.454991 0.733677 0.447954 0.732510 0.434287 0.717604 0.416481 0.701536 0.440083 0.702469 0.450019 0.698740 0.454574
14 0.452813 0.447565 0.449656 0.428852 0.473714 0.398917 0.495516 0.429926 0.492510 0.447037 0.486344 0.450778 0.477927 0.467352 0.477323 0.476435 0.472062 0.487398 0.464391 0.480981 0.464693 0.465750 0.452964 0.453981
0 0.448417 0.391546 0.463516 0.409083 0.484854 0.382241 0.478005 0.368639 0.468146 0.344306 0.459891 0.342870 0.452844 0.353972 0.454052 0.366852 0.444792 0.375435
1 0.524974 0.658454 0.505427 0.637343 0.508885 0.619157 0.507083 0.600185 0.523620 0.579333 0.541063 0.599648 0.537156 0.621028 0.541063 0.633324 0.538359 0.637870 0.533094 0.640009 0.530089 0.648028
1 0.355208 0.639157 0.336563 0.612963 0.339120 0.596648 0.338219 0.579278 0.354156 0.555750 0.371448 0.579009 0.367839 0.593444 0.370849 0.606815 0.369646 0.614833
1 0.414229 0.467833 0.396187 0.444843 0.397839 0.427731 0.396484 0.407685 0.412724 0.386565 0.430922 0.409287 0.428214 0.423454 0.431370 0.444843
2 0.472698 0.351722 0.481745 0.355120 0.488354 0.366259 0.494271 0.366565 0.507146 0.353574 0.506797 0.340898 0.501927 0.334398 0.497229 0.312130 0.490615 0.307491 0.484005 0.308731 0.481568 0.318009 0.475307 0.330694
2 0.340036 0.416583 0.328031 0.403593 0.330120 0.386583 0.339167 0.365861 0.346995 0.364926 0.355521 0.372046 0.357437 0.389981 0.362828 0.398954 0.363349 0.407611 0.354651 0.422148 0.348391 0.425556
2 0.484339 0.244213 0.472156 0.234935 0.470417 0.219778 0.484859 0.193796 0.493729 0.194722 0.500516 0.203694 0.501036 0.221324 0.507302 0.231843 0.505734 0.240500 0.494776 0.255963
2 0.433427 0.420204 0.433422 0.432222 0.443693 0.435454 0.455516 0.421361 0.456167 0.409815 0.449797 0.401491 0.447589 0.385324 0.446292 0.379778 0.439661 0.375389 0.431865 0.379315 0.429005 0.388093 0.423286 0.401028 0.429266 0.408426 0.428094 0.422056
3 0.499516 0.315241 0.513349 0.334491 0.532901 0.306426 0.526281 0.296269 0.530943 0.282898 0.528089 0.266861 0.523578 0.269796 0.518010 0.253491 0.511396 0.266861 0.503427 0.262852 0.501021 0.279157 0.503427 0.284500 0.504781 0.295463
3 0.622802 0.501019 0.618172 0.514259 0.621995 0.522491 0.625422 0.522491 0.630047 0.527852 0.637698 0.528213 0.650583 0.511037 0.648167 0.502806 0.644141 0.498509 0.648974 0.484556 0.645750 0.468454 0.642729 0.472028 0.636292 0.454852 0.629646 0.468806 0.621979 0.467019 0.620062 0.479185 0.622542 0.486556
3 0.394464 0.312500 0.391328 0.288241 0.393958 0.275343 0.401401 0.277861 0.406641 0.263907 0.413682 0.276778 0.419714 0.277861 0.422339 0.292880 0.415490 0.306833 0.421729 0.319731 0.415297 0.328667 0.412880 0.329037 0.410255 0.315435 0.402807 0.319731 0.396167 0.330472 0.394151 0.329037
3 0.473281 0.687731 0.487187 0.708519 0.507724 0.680565 0.500833 0.668093 0.505516 0.653306 0.502656 0.637593 0.497583 0.641287 0.493036 0.625574 0.485891 0.636898 0.477703 0.635509 0.475620 0.650528 0.479130 0.659537 0.479130 0.671787
4 0.328922 0.516435 0.334641 0.497028 0.333995 0.484556 0.337109 0.472537 0.345688 0.466991 0.355828 0.472537 0.358167 0.489176 0.356734 0.497491 0.360635 0.508120 0.362453 0.521287 0.354526 0.535611 0.337240 0.536306
4 0.629146 0.348352 0.624714 0.366602 0.628135 0.379843 0.646656 0.393083 0.658130 0.375509 0.657729 0.360870 0.652698 0.350852 0.652094 0.336898 0.651083 0.323657 0.642630 0.319000 0.632161 0.323296
4 0.611609 0.556981 0.608995 0.572370 0.611609 0.588120 0.627510 0.597778 0.641401 0.579528 0.641401 0.563065 0.635161 0.550546 0.637375 0.542315 0.633953 0.529074 0.624896 0.524065 0.614630 0.528352 0.613219 0.544463
4 0.538500 0.706963 0.547156 0.706963 0.557016 0.690148 0.556214 0.675472 0.551786 0.666528 0.551984 0.651500 0.549974 0.640046 0.540510 0.636463 0.530646 0.642194 0.527828 0.660444 0.523198 0.689787
4 0.374901 0.674472 0.388188 0.675546 0.397448 0.657657 0.394828 0.637611 0.391005 0.632241 0.391005 0.615787 0.387984 0.606120 0.379130 0.601111 0.369870 0.607907 0.368057 0.624370 0.363224 0.656222
5 0.457396 0.336148 0.450953 0.331139 0.448135 0.323259 0.454578 0.310380 0.455984 0.300713 0.461422 0.292843 0.466052 0.293917 0.473500 0.305370 0.476719 0.317898 0.476115 0.329704 0.469068 0.338648
5 0.370271 0.471528 0.355776 0.451843 0.357187 0.440389 0.364635 0.424287 0.369266 0.414630 0.376510 0.417491 0.384563 0.431083 0.383760 0.439315 0.386375 0.451843 0.381948 0.453630 0.376109 0.457574
6 0.307125 0.562972 0.306661 0.575398 0.313646 0.588231 0.324594 0.588648 0.334375 0.581611 0.331813 0.558009 0.329250 0.530269 0.322031 0.519500 0.312016 0.529028
6 0.568661 0.233296 0.570057 0.253176 0.577276 0.264769 0.591021 0.261046 0.597073 0.247796 0.594047 0.226259 0.592182 0.202657 0.579839 0.195204 0.572854 0.208454
7 0.569099 0.389500 0.590391 0.420639 0.618417 0.386148 0.592818 0.349741 0.567214 0.382796
7 0.541479 0.490639 0.566271 0.524648 0.588370 0.489204 0.569505 0.454222 0.565464 0.453269 0.543635 0.483454
7 0.466026 0.587694 0.487583 0.620759 0.493510 0.621231 0.509682 0.594407 0.506177 0.573324 0.491354 0.551769
7 0.358526 0.556519 0.378792 0.590056 0.400219 0.559417 0.394865 0.539537 0.378323 0.520083
8 0.386880 0.598574 0.404995 0.624694 0.420901 0.605722 0.414458 0.594991 0.414057 0.572444 0.411438 0.552407 0.403786 0.554556 0.397953 0.565287 0.392313 0.584611
8 0.475651 0.283787 0.471625 0.268046 0.477063 0.252657 0.484708 0.254083 0.489542 0.268046 0.487932 0.284509 0.492359 0.302037 0.491557 0.310269 0.484708 0.309556 0.480484 0.316713 0.473438 0.313139 0.472031 0.300972 0.471021 0.296676
9 0.545656 0.588611 0.563172 0.555074 0.552661 0.508602 0.546734 0.497102 0.529490 0.517222 0.514667 0.535907 0.521943 0.571843 0.537839 0.588611
10 0.473818 0.503019 0.498042 0.536556 0.504563 0.534907 0.524828 0.508407 0.521568 0.494741 0.519932 0.471139 0.498740 0.437602 0.489193 0.445880 0.477776 0.466167 0.473583 0.481491
11 0.400641 0.526000 0.418339 0.550843 0.422531 0.544630 0.428542 0.537722 0.430495 0.541861 0.432708 0.539620 0.432339 0.530639 0.439698 0.521491 0.440000 0.516481 0.437578 0.511843 0.438349 0.500250 0.431547 0.491093 0.429797 0.495278 0.427677 0.491963 0.427677 0.485750 0.423302 0.479917 0.419130 0.479046 0.415151 0.488361 0.415547 0.492833 0.413589 0.495935 0.413401 0.492333 0.404760 0.500250 0.405344 0.512667
0 0.281682 0.455926 0.286365 0.451537 0.292339 0.429815 0.298318 0.428898 0.312875 0.431435 0.319760 0.449685 0.324573 0.461241 0.321969 0.469324 0.304036 0.490120 0.290000 0.470713
0 0.430922 0.639981 0.453625 0.672602 0.458437 0.671528 0.474375 0.647204 0.475880 0.639454 0.466859 0.627417 0.465505 0.617796 0.460844 0.606306 0.451068 0.606306 0.445656 0.624750
0 0.546214 0.633861 0.563401 0.657222 0.568005 0.656630 0.585302 0.633667 0.585193 0.627074 0.578786 0.616491 0.572271 0.602917 0.565307 0.597120 0.557896 0.597917 0.554078 0.615093 0.546661 0.623880
0 0.571646 0.599880 0.588594 0.624194 0.593125 0.623000 0.609906 0.600481 0.609990 0.590935 0.606552 0.586463 0.604286 0.578704 0.592453 0.563185 0.584818 0.564380 0.580458 0.574824 0.580203 0.584370 0.573911 0.588398
0 0.589156 0.463694 0.589219 0.456009 0.596052 0.447426 0.598370 0.438398 0.603823 0.430713 0.612406 0.429269 0.618172 0.427148 0.622245 0.440074 0.622812 0.449880 0.627448 0.458009 0.627135 0.466593 0.625193 0.469491 0.622057 0.468148 0.621807 0.472389 0.609714 0.488537 0.604135 0.483306 0.603885 0.478852
0 0.367646 0.486056 0.368318 0.479074 0.374161 0.469685 0.376406 0.456509 0.378427 0.454306 0.384495 0.452111 0.396964 0.454306 0.401677 0.465491 0.407630 0.482463 0.407521 0.486861 0.390896 0.508824 0.385167 0.509824
1 0.379823 0.297102 0.361401 0.318667 0.364656 0.336241 0.361849 0.355009 0.379823 0.376574 0.396109 0.355009 0.393750 0.337231 0.395208 0.318667
1 0.438479 0.218870 0.455344 0.240648 0.453161 0.257500 0.456016 0.273315 0.455677 0.277343 0.438479 0.297481 0.421531 0.274806 0.424464 0.257648 0.421948 0.239454
1 0.524031 0.265046 0.525604 0.256259 0.523359 0.240889 0.541104 0.217130 0.556604 0.241083 0.554245 0.258065 0.558063 0.273833 0.540318 0.298194 0.529646 0.282222 0.527964 0.266250 0.525828 0.268046
1 0.608458 0.344352 0.626203 0.318426 0.622896 0.303991 0.624099 0.286352 0.607859 0.263093 0.589964 0.286880 0.593422 0.302120 0.591167 0.322972
1 0.600135 0.557694 0.615083 0.537370 0.615734 0.527898 0.613911 0.519574 0.616120 0.497630 0.598969 0.477991 0.582203 0.501324 0.585453 0.514954 0.582724 0.535981
