1 0.616240 0.569833 0.638786 0.598463 0.654490 0.573769 0.655089 0.534046 0.636573 0.509713 0.620469 0.534407
0 0.485182 0.401287 0.506615 0.428194 0.527344 0.399213 0.516396 0.383898 0.512667 0.363602 0.500557 0.361120 0.496599 0.383065
0 0.525479 0.460907 0.548771 0.493620 0.569500 0.460500 0.563906 0.425296 0.543411 0.419500 0.537125 0.426954 0.535958 0.444759
0 0.687969 0.276343 0.707911 0.302694 0.726240 0.273944 0.719500 0.261009 0.719771 0.253824 0.713844 0.242324 0.709260 0.241852 0.695516 0.260537
14 0.568995 0.517130 0.595135 0.548750 0.615344 0.516648 0.616693 0.479759 0.593245 0.450537 0.572229 0.480241
13 0.554172 0.076713 0.579771 0.109769 0.599984 0.077185 0.596479 0.059944 0.592167 0.053713 0.591630 0.037426 0.577349 0.020176 0.561177 0.036944
12 0.608109 0.105787 0.615354 0.080741 0.623609 0.070000 0.637698 0.072148 0.647964 0.094694 0.655411 0.124037 0.642125 0.138352 0.632870 0.154815 0.627229 0.154102 0.618172 0.121537 0.615151 0.113306
12 0.583328 0.134954 0.590172 0.113481 0.601042 0.103815 0.612516 0.109185 0.619760 0.124935 0.628417 0.156065 0.625802 0.165370 0.615536 0.171454 0.608891 0.186491 0.603255 0.188991 0.593391 0.182194 0.592182 0.165731
12 0.513625 0.240056 0.541687 0.274981 0.568500 0.242278 0.561953 0.221769 0.558302 0.203194 0.551193 0.189287 0.539349 0.184352 0.526312 0.198593
11 0.681177 0.136269 0.695271 0.152972 0.702052 0.152972 0.721542 0.129769 0.722755 0.115546 0.717365 0.111213 0.717536 0.084611 0.708318 0.084926 0.701708 0.065130 0.695443 0.066676 0.690745 0.085852 0.680828 0.085852 0.679438 0.103787 0.675609 0.118019
11 0.640099 0.196389 0.659583 0.222370 0.666891 0.224231 0.687422 0.197935 0.687250 0.187731 0.683422 0.182167 0.681854 0.154333 0.673156 0.156185 0.666719 0.136694 0.659760 0.136389 0.655932 0.157111 0.647583 0.158037
11 0.596344 0.256509 0.620599 0.284296 0.642427 0.253639 0.639193 0.237824 0.638385 0.213870 0.628146 0.211954 0.623833 0.194231 0.616828 0.194704 0.613594 0.210519 0.605240 0.216269
11 0.506234 0.138454 0.532734 0.167833 0.541781 0.164509 0.549885 0.145657 0.553005 0.126815 0.551443 0.096324 0.541156 0.095769 0.536167 0.078593 0.528995 0.078593 0.525255 0.096324 0.516833 0.097991
10 0.511203 0.693315 0.540068 0.727944 0.550167 0.726019 0.565682 0.708065 0.571813 0.675991 0.569286 0.637509 0.542229 0.615704 0.516979 0.649694
9 0.556109 0.191889 0.553094 0.173278 0.562958 0.172204 0.566781 0.160398 0.574432 0.148231 0.579260 0.148231 0.580672 0.138926 0.584495 0.138926 0.589328 0.153241 0.592750 0.167194 0.591943 0.183306 0.600396 0.201556 0.599391 0.211574 0.593755 0.214074 0.583891 0.226602 0.578255 0.238056 0.574229 0.237694 0.571411 0.225528 0.560542 0.210861 0.556516 0.201194
8 0.526901 0.329620 0.525281 0.342556 0.529594 0.360759 0.545766 0.366509 0.559776 0.351657 0.552229 0.324824 0.552771 0.307583 0.549536 0.286019 0.537141 0.287935 0.530401 0.305185
8 0.447099 0.234222 0.449620 0.257954 0.468380 0.263731 0.481729 0.245130 0.474875 0.220759 0.472781 0.199269 0.470438 0.183944 0.457161 0.185546
7 0.640766 0.269657 0.662469 0.294880 0.685891 0.264389 0.686807 0.251917 0.678208 0.246944 0.673740 0.231657 0.661885 0.224611 0.649531 0.234556 0.645818 0.247389
7 0.558927 0.392444 0.583562 0.424037 0.608818 0.391889 0.606010 0.374148 0.600396 0.371935 0.591354 0.353639 0.584182 0.350870
7 0.402651 0.177759 0.427599 0.214343 0.450359 0.186620 0.449734 0.170546 0.445370 0.160019 0.428844 0.140065
7 0.479187 0.283148 0.504297 0.319213 0.531344 0.292593 0.524344 0.266315 0.521349 0.253870 0.504104 0.245796
6 0.332953 0.057787 0.336198 0.092426 0.356401 0.096917 0.366500 0.084722 0.363979 0.062278 0.360010 0.026361 0.350630 0.019954 0.344495 0.028287
2 0.303391 0.388213 0.323870 0.416000 0.343542 0.391565 0.338964 0.374315 0.331146 0.351796 0.320099 0.348444 0.313901 0.354194
5 0.611115 0.463037 0.627016 0.486519 0.645609 0.471185 0.643182 0.449148 0.640219 0.435259 0.629437 0.423278 0.621354 0.434778
5 0.372812 0.121102 0.392771 0.147157 0.402745 0.139398 0.411167 0.122769 0.402745 0.098380 0.408672 0.090620 0.402432 0.072324 0.387469 0.089509
4 0.769891 0.388750 0.787203 0.393046 0.796260 0.369074 0.791630 0.350815 0.788411 0.345806 0.789620 0.335787 0.787807 0.317898 0.776536 0.314315 0.766068 0.320759 0.765260 0.342231 0.762042 0.360120 0.760630 0.374796
1 0.722406 0.318889 0.743833 0.343731 0.763396 0.314750 0.758036 0.279546 0.741734 0.260500 0.727995 0.279963
4 0.486458 0.587130 0.484021 0.615583 0.481411 0.621769 0.484370 0.631667 0.492896 0.640639 0.503682 0.644963 0.515167 0.630120 0.515167 0.613111 0.509948 0.599194 0.510818 0.588981 0.508031 0.574139 0.498464 0.570120 0.490458 0.573213
4 0.442964 0.526194 0.441745 0.546917 0.437047 0.566713 0.442792 0.578472 0.456359 0.588361 0.468365 0.580019 0.473234 0.567639 0.470104 0.550630 0.466625 0.543824 0.466974 0.522176 0.463318 0.516296 0.454448 0.512898 0.447141 0.514750
4 0.395990 0.496500 0.394250 0.511972 0.402948 0.525889 0.418260 0.530833 0.429917 0.512898 0.427479 0.494028 0.422609 0.483509 0.423302 0.474231 0.420693 0.457843 0.411823 0.454750 0.402078 0.457222
4 0.364932 0.471306 0.374948 0.471713 0.385896 0.454324 0.385198 0.438176 0.380536 0.428241 0.379375 0.402157 0.374948 0.398009 0.366328 0.397185 0.357948 0.400083 0.354917 0.414574 0.355615 0.428241 0.350724 0.444389 0.351656 0.455565
6 0.656021 0.499204 0.661948 0.521926 0.677536 0.526361 0.687828 0.516389 0.685646 0.486454 0.684396 0.460398 0.668495 0.453194 0.663818 0.461509
3 0.312573 0.281500 0.332141 0.307583 0.352172 0.281083 0.347745 0.238852 0.335401 0.225185 0.321891 0.234296
3 0.270203 0.223639 0.288120 0.250556 0.308651 0.220861 0.302734 0.207870 0.306042 0.193954 0.302911 0.180648 0.298906 0.180343 0.293167 0.166731 0.286208 0.178481 0.275771 0.177250 0.275245 0.194880 0.279250 0.202917 0.276641 0.217148
3 0.271594 0.113222 0.289339 0.133944 0.307953 0.103944 0.305693 0.065898 0.292469 0.051676 0.276292 0.062500
3 0.223474 0.161759 0.246016 0.195148 0.265177 0.165759 0.261839 0.124954 0.248646 0.110111 0.232115 0.119981
2 0.177271 0.216694 0.185625 0.234898 0.201255 0.237778 0.213922 0.213824 0.205839 0.198491 0.202062 0.180769 0.190474 0.172620 0.184010 0.180287
2 0.219042 0.267000 0.224969 0.288556 0.239521 0.298139 0.254344 0.279454 0.254344 0.264130 0.249495 0.257898 0.244911 0.235380 0.230630 0.229630
2 0.259734 0.326407 0.270510 0.345574 0.287760 0.353231 0.298271 0.338389 0.296115 0.318741 0.288297 0.293833 0.276172 0.290000 0.271859 0.297667
12 0.652198 0.067546 0.659219 0.083954 0.668964 0.084417 0.676370 0.069861 0.686250 0.061083 0.690016 0.049296 0.686766 0.041213 0.681437 0.024111 0.675979 0.007481 0.667276 0.000546 0.664563 0.000000 0.660922 0.000000 0.651938 0.008630 0.645573 0.024111 0.642969 0.039130 0.638682 0.051148 0.640370 0.060389
0 0.396677 0.284519 0.422531 0.319296 0.445125 0.283694 0.420667 0.246009 0.412516 0.249741
0 0.354292 0.227380 0.377812 0.258852 0.398307 0.224898 0.387594 0.206676 0.375250 0.186796 0.366635 0.190944
0 0.438370 0.342074 0.463057 0.373954 0.485885 0.342491 0.482625 0.331306 0.475870 0.325102 0.466552 0.306463 0.457703 0.305222 0.451880 0.316398 0.451411 0.325509
0 0.310036 0.171898 0.334260 0.203361 0.354521 0.166926 0.344974 0.148296 0.332161 0.129250 0.322844 0.137528 0.319818 0.151194
1 0.377094 0.365852 0.399844 0.337935 0.394609 0.319324 0.377297 0.294630 0.354750 0.323981 0.354953 0.344019 0.368240 0.362981
1 0.399641 0.400917 0.421583 0.427046 0.440505 0.397694 0.437286 0.357259 0.419974 0.335426 0.402057 0.358694
1 0.441109 0.456750 0.462651 0.485731 0.480766 0.455676 0.481573 0.415231 0.464260 0.392685 0.445135 0.417028
1 0.485396 0.512574 0.506932 0.541565 0.525854 0.514009 0.525854 0.473213 0.507339 0.449944 0.489021 0.473213
1 0.530891 0.569833 0.549813 0.597750 0.568333 0.573407 0.567927 0.532259 0.550818 0.509352 0.532901 0.533685
1 0.574771 0.628880 0.594901 0.656435 0.611005 0.631389 0.610807 0.590231 0.594099 0.567685 0.576583 0.592380
