7 0.429437 0.576917 0.464984 0.630685 0.474339 0.627917 0.491172 0.598537 0.509568 0.587444 0.507073 0.563611 0.503021 0.537556 0.484625 0.525361 0.481505 0.506519 0.468411 0.500972 0.460307 0.519824 0.438479 0.525917
0 0.003516 0.352694 0.016073 0.308046 0.032974 0.293454 0.064370 0.282287 0.076927 0.308907 0.083203 0.330370 0.090448 0.352694 0.082240 0.375019 0.051328 0.419667
0 0.403406 0.705750 0.389698 0.680102 0.388979 0.660213 0.410260 0.636491 0.419281 0.606343 0.438401 0.596722 0.453917 0.624306 0.475198 0.661500 0.475198 0.687796 0.443812 0.726278 0.413151 0.687157
0 0.818917 0.535167 0.862745 0.589333 0.875271 0.589333 0.894052 0.556685 0.911583 0.539620 0.911583 0.510676 0.905740 0.501778 0.901568 0.485444 0.869844 0.452796 0.857323 0.456509 0.847302 0.481000 0.846052 0.494352
0 1.000000 0.091241 0.990469 0.095685 0.988042 0.106704 0.977802 0.111009 0.973490 0.123472 0.983193 0.119639 0.986693 0.145981 0.978880 0.164194 0.960552 0.150296 0.956245 0.165148 1.000000 0.219556
1 0.158026 0.000000 0.155646 0.020537 0.161073 0.046509 0.122250 0.103648 0.081766 0.050222 0.086870 0.000000
1 0.123453 0.495389 0.157365 0.447926 0.156286 0.365194 0.119484 0.317731 0.083771 0.372889 0.085938 0.446065
1 0.308589 0.685148 0.340391 0.639148 0.339042 0.555315 0.303203 0.515546 0.264932 0.564417 0.269516 0.642981
1 0.701234 0.639944 0.739896 0.689278 0.779807 0.633843 0.777938 0.565111 0.742078 0.516333 0.709651 0.564556
1 0.998911 0.547593 0.979578 0.517657 0.981141 0.438389 1.000000 0.413111 1.000000 0.488083
3 0.355318 0.527713 0.396083 0.579019 0.435406 0.516806 0.420979 0.487944 0.435771 0.455241 0.423141 0.421889 0.414844 0.428306 0.399693 0.392389 0.387427 0.421250 0.370109 0.416759 0.364339 0.448824 0.369750 0.469352 0.371911 0.489870
3 0.638385 0.531824 0.645901 0.519213 0.638385 0.478398 0.644646 0.442037 0.661344 0.448713 0.675120 0.422000 0.685974 0.447231 0.695156 0.447972 0.706427 0.483593 0.695990 0.500657 0.693484 0.514759 0.705589 0.530343 0.701417 0.555574 0.668859 0.592676 0.648823 0.568935
4 0.569828 0.125389 0.562281 0.150778 0.563630 0.178565 0.577646 0.200602 0.606208 0.209704 0.634505 0.173296 0.629922 0.145981 0.619682 0.121074 0.620224 0.094241 0.615911 0.068852 0.609984 0.058787 0.594891 0.054000 0.577104 0.064065
4 0.917396 0.395028 0.908078 0.421944 0.913672 0.456315 0.932302 0.471222 0.954198 0.476602 0.981677 0.440167 0.976557 0.409935 0.967703 0.391306 0.967703 0.361907 0.965844 0.336648 0.958156 0.329611 0.943016 0.323815 0.937193 0.325472 0.924849 0.328787 0.921125 0.345759
5 0.658328 0.295824 0.661448 0.270324 0.677036 0.244269 0.690448 0.231528 0.700734 0.245380 0.711646 0.278639 0.721937 0.301917 0.713833 0.330194 0.702292 0.319102 0.692630 0.341278 0.677349 0.332963 0.673609 0.313009 0.658641 0.309685
5 0.372505 0.234417 0.376464 0.209574 0.386943 0.195083 0.410000 0.163204 0.417922 0.173963 0.419781 0.192602 0.409302 0.202954 0.414193 0.216611 0.427703 0.246843 0.420016 0.263398 0.413031 0.263398 0.404646 0.276241 0.403948 0.287417 0.399521 0.289491 0.387875 0.296111 0.378323 0.275824 0.377396 0.251398
6 0.327562 0.717102 0.332953 0.682130 0.336724 0.648593 0.346698 0.624157 0.351818 0.614574 0.360708 0.611222 0.379302 0.630861 0.382266 0.663926 0.386578 0.675898 0.388198 0.710870 0.385500 0.729074 0.378224 0.735306 0.378495 0.750639 0.370141 0.755426 0.340229 0.752074
6 0.664604 0.786370 0.683724 0.781880 0.695990 0.762639 0.698151 0.715824 0.692740 0.699148 0.693464 0.680546 0.686969 0.654250 0.674344 0.630519 0.653776 0.656815 0.643677 0.685676 0.644401 0.708769 0.642594 0.731861 0.651615 0.753667 0.653057 0.770981
7 0.559333 0.361065 0.584589 0.407074 0.602359 0.406519 0.634479 0.363287 0.631672 0.336676 0.627307 0.330583 0.628865 0.307852 0.621068 0.294546 0.606729 0.296769 0.593005 0.277917 0.581469 0.282907 0.573365 0.308407 0.562141 0.327806
8 0.210990 0.254417 0.249026 0.312620 0.280521 0.264398 0.269609 0.235019 0.272104 0.200093 0.260562 0.145769 0.244349 0.144111 0.234062 0.170157
8 0.762443 0.262370 0.803198 0.307917 0.828589 0.261954 0.816474 0.235037 0.819036 0.191972 0.812516 0.163824 0.807859 0.143528 0.788062 0.150981 0.782240 0.167130 0.776880 0.175417
9 0.463333 0.420926 0.521776 0.498528 0.531875 0.491472 0.570479 0.421565 0.560375 0.389500 0.556406 0.345889 0.539453 0.288167 0.533318 0.292009 0.531156 0.314463 0.520333 0.308046 0.501573 0.341398 0.502656 0.366407 0.478844 0.361926
10 0.567505 0.000000 0.578448 0.061944 0.569682 0.105731 0.570516 0.116861 0.544635 0.154704 0.525307 0.127176 0.516458 0.132963 0.507776 0.150852 0.465120 0.091037 0.462698 0.075306 0.469333 0.067065 0.469542 0.040944 0.482589 0.000000
11 0.471839 0.762389 0.515667 0.814333 0.543214 0.795778 0.570349 0.758676 0.569094 0.724546 0.563667 0.709704 0.564505 0.674083 0.521927 0.629556 0.486031 0.682991
11 0.459964 0.800694 0.459964 0.775194 0.450609 0.730296 0.416307 0.687611 0.406646 0.693713 0.380766 0.729741 0.377021 0.748583 0.383573 0.758565 0.388250 0.767991 0.389495 0.804574 0.384818 0.816213 0.402281 0.842269 0.411323 0.851139 0.428156 0.852796
12 0.570875 0.782778 0.588193 0.722491 0.612365 0.701324 0.634370 0.716722 0.650245 0.751352 0.670807 0.803306 0.651687 0.835370 0.636896 0.842426 0.630042 0.852685 0.610557 0.853972 0.595766 0.855250 0.597932 0.839861 0.584224 0.825111
13 0.516823 0.609546 0.533797 0.630148 0.549969 0.652667 0.570177 0.656500 0.590927 0.638769 0.604943 0.595176 0.600630 0.561157 0.593354 0.550139 0.588505 0.524269 0.566677 0.489778 0.551583 0.489778 0.527870 0.530972 0.527062 0.547269 0.519786 0.563556
14 0.548937 0.296056 0.575635 0.262704 0.565536 0.227426 0.571667 0.213315 0.569141 0.185102 0.551464 0.165861 0.525849 0.129944 0.518995 0.131222 0.476427 0.183176 0.476427 0.212037 0.484005 0.229352 0.474625 0.254370 0.485448 0.278741 0.513948 0.316574 0.529099 0.315296
7 0.407557 0.160796 0.422583 0.177861 0.447208 0.214963 0.458479 0.207546 0.490203 0.163019 0.485615 0.142981 0.476849 0.134815 0.482693 0.111074 0.468500 0.092519 0.451385 0.102167 0.436359 0.087324 0.429260 0.094009 0.428427 0.122204
4 0.533073 0.851426 0.532516 0.810694 0.545927 0.788843 0.565484 0.783870 0.579010 0.798472 0.581411 0.814769 0.585490 0.837815 0.581188 0.855000
0 0.501182 0.851250 0.490271 0.836833 0.490891 0.822972 0.476859 0.793602 0.466573 0.791935 0.451292 0.815769 0.448177 0.837944 0.440693 0.848472 0.452854 0.853463 0.462521 0.855685 0.470000 0.854574
2 0.026766 0.106704 0.033234 0.092806 0.050750 0.080833 0.063953 0.091852 0.070151 0.120111 0.086323 0.155083 0.079312 0.173769 0.065031 0.197722 0.043740 0.203000 0.041047 0.180481 0.020568 0.166102 0.014099 0.144546
