2 0.460552 0.445037 0.477427 0.468852 0.483865 0.470093 0.495177 0.454009 0.495000 0.438852 0.491349 0.434519 0.489953 0.419676 0.485432 0.410398 0.474995 0.410083 0.466292 0.425241
1 0.543250 0.486093 0.561469 0.508528 0.563599 0.509713 0.572698 0.496148 0.572359 0.486954 0.578760 0.478759 0.576844 0.472991 0.578193 0.450630 0.563479 0.432056 0.545505 0.451417 0.548203 0.469991
1 0.569193 0.523556 0.588688 0.544574 0.605714 0.520546 0.602073 0.504148 0.604802 0.486120 0.588297 0.463944 0.572052 0.484278 0.573740 0.504148
1 0.603193 0.497074 0.612677 0.511167 0.630615 0.487602 0.628271 0.471657 0.629703 0.452481 0.612807 0.429611 0.596693 0.452250 0.598901 0.468657 0.597474 0.477204 0.604359 0.486213
1 0.629057 0.462861 0.638078 0.475426 0.655521 0.452167 0.653870 0.438796 0.654771 0.417417 0.638771 0.397796 0.621661 0.420009 0.624427 0.433454 0.622667 0.443750 0.629042 0.451926
1 0.654714 0.430028 0.663937 0.441769 0.681214 0.418981 0.678401 0.403972 0.680438 0.384472 0.664422 0.363583 0.647141 0.385500 0.650052 0.400861 0.647917 0.409833 0.654323 0.417435
1 0.639021 0.329861 0.655047 0.350000 0.653370 0.366250 0.655297 0.375352 0.647828 0.386241 0.648922 0.397130 0.643047 0.403546 0.638016 0.396981 0.634823 0.402944 0.628531 0.393546 0.629542 0.385046 0.622490 0.374454 0.625010 0.367593 0.622578 0.352685
1 0.613698 0.364083 0.629911 0.384620 0.627969 0.401361 0.629719 0.409472 0.622240 0.420519 0.624083 0.430009 0.617875 0.437093 0.613797 0.429843 0.609427 0.435880 0.603115 0.426907 0.603990 0.418102 0.597583 0.409306 0.599234 0.402574 0.597193 0.385491
1 0.587839 0.398176 0.603677 0.420139 0.601995 0.433722 0.603901 0.443704 0.597276 0.453093 0.598625 0.462074 0.591995 0.470259 0.588292 0.463472 0.585370 0.469269 0.578292 0.459481 0.578969 0.451491 0.571443 0.442111 0.573578 0.435917 0.571443 0.419343
12 0.485307 0.376685 0.490703 0.371426 0.491401 0.364620 0.496099 0.364000 0.510016 0.349463 0.511057 0.338944 0.504276 0.325343 0.501667 0.309259 0.493833 0.296574 0.483224 0.293787 0.472438 0.305231 0.469130 0.320389 0.468260 0.331528 0.476089 0.342657 0.478005 0.355028
12 0.450516 0.393389 0.453995 0.404519 0.464781 0.409778 0.471042 0.394620 0.481307 0.389056 0.485484 0.370500 0.479047 0.359361 0.475396 0.341731 0.467042 0.329361 0.456776 0.328120 0.445818 0.340806 0.442339 0.361833 0.447557 0.366167 0.447380 0.381944
11 0.423458 0.294870 0.430865 0.295565 0.445292 0.277769 0.448281 0.261389 0.443599 0.236898 0.428396 0.216574 0.425146 0.217954 0.409292 0.239213 0.409292 0.258620 0.419818 0.274537
11 0.381224 0.302861 0.393500 0.324694 0.402760 0.328269 0.421682 0.305731 0.422286 0.293204 0.417656 0.271019 0.402964 0.251685 0.386255 0.271019
11 0.382661 0.222870 0.383708 0.201833 0.399536 0.182046 0.405786 0.184824 0.418500 0.203380 0.422505 0.222870 0.410323 0.238639 0.410672 0.255963 0.406323 0.258750 0.402828 0.252565 0.397448 0.251630 0.397797 0.257204 0.393276 0.253491 0.392755 0.238333
11 0.356042 0.268491 0.368396 0.292306 0.380573 0.295093 0.383880 0.287972 0.384906 0.271278 0.392578 0.264778 0.393781 0.268796 0.395365 0.267565 0.395708 0.259213 0.392755 0.251481 0.392406 0.238176 0.388036 0.230759 0.386318 0.230444 0.384734 0.234463 0.382490 0.232306 0.382490 0.226426 0.376745 0.216528 0.373078 0.216833 0.369266 0.226426 0.369943 0.231685 0.367698 0.233537 0.366307 0.230444 0.360391 0.235398 0.359177 0.242204
10 0.434406 0.157926 0.436620 0.133231 0.449703 0.102463 0.463594 0.090648 0.483120 0.126796 0.485740 0.154704 0.486141 0.164009 0.465807 0.198722 0.455344 0.198370 0.434005 0.167944
9 0.665823 0.464787 0.686271 0.496593 0.692891 0.495528 0.701010 0.482157 0.710182 0.482963 0.708979 0.468796 0.707323 0.453287 0.705068 0.447944 0.704917 0.429231 0.697703 0.405435 0.693490 0.405704 0.692135 0.422278 0.682063 0.428157 0.678604 0.435380 0.678151 0.439926 0.668531 0.440454
0 0.464651 0.661815 0.476938 0.642074 0.480172 0.634167 0.487016 0.627028 0.493052 0.631343 0.507552 0.659222 0.494078 0.684380 0.483026 0.689167
0 0.494130 0.637324 0.511182 0.656815 0.514484 0.655889 0.531188 0.634231 0.531365 0.623407 0.523531 0.614435 0.520922 0.602991 0.513615 0.594028 0.509792 0.594028 0.502656 0.608565 0.493260 0.624333
8 0.598943 0.566944 0.593094 0.555157 0.595953 0.542685 0.601672 0.533213 0.607906 0.533667 0.613104 0.542454 0.613885 0.557472 0.612979 0.565324 0.615057 0.578954 0.614276 0.593741 0.610250 0.584500 0.607000 0.580343 0.601932 0.578722 0.599458 0.586120 0.595562 0.590046 0.596859 0.573176
12 0.443031 0.292556 0.448948 0.268120 0.456083 0.259769 0.468432 0.260074 0.478698 0.283889 0.482177 0.296269 0.474000 0.303685 0.468609 0.316991 0.469302 0.330907 0.461474 0.329667 0.454688 0.330593 0.453297 0.329361 0.455036 0.319769 0.448250 0.305546
12 0.426698 0.355111 0.425688 0.364417 0.431526 0.375157 0.435151 0.362981 0.442599 0.360120 0.447026 0.340444 0.452661 0.329704 0.452661 0.316102 0.446828 0.299287 0.434948 0.293204 0.424885 0.301435 0.416229 0.317898 0.415625 0.330778 0.421464 0.331139 0.422672 0.345454
13 0.498849 0.303120 0.515823 0.326602 0.524984 0.323722 0.539536 0.306481 0.540078 0.288269 0.533609 0.264796 0.520677 0.248509 0.509354 0.257611 0.503427 0.272944
14 0.712276 0.711685 0.728448 0.687731 0.729255 0.651324 0.705542 0.620185 0.683146 0.655630 0.687755 0.689648
8 0.594000 0.619852 0.586073 0.622389 0.576849 0.616148 0.575417 0.604370 0.577500 0.572250 0.581266 0.565556 0.584255 0.557009 0.587766 0.554463 0.596344 0.562324 0.597120 0.576417 0.595693 0.587731 0.595693 0.601139
0 0.526870 0.541722 0.533182 0.553213 0.539047 0.553213 0.544464 0.547602 0.549573 0.539046 0.557542 0.527546 0.555589 0.520333 0.553031 0.516861 0.549573 0.496537 0.542057 0.491194 0.527620 0.496009 0.522958 0.509102 0.522807 0.513917 0.516943 0.523537 0.516193 0.530222 0.522208 0.539315
0 0.493839 0.566194 0.509000 0.587157 0.514057 0.586963 0.530120 0.564991 0.530458 0.556407 0.522255 0.545620 0.520010 0.534241 0.513271 0.527454 0.507990 0.528056 0.502599 0.539833 0.503161 0.542824 0.500917 0.547019 0.496646 0.549222 0.492042 0.556611
0 0.473151 0.606685 0.479849 0.617556 0.484995 0.622565 0.490141 0.620667 0.505672 0.599269 0.505380 0.589083 0.497417 0.580630 0.495865 0.570787 0.491010 0.563194 0.484021 0.561639 0.478875 0.568713 0.478099 0.577176 0.470042 0.585454 0.471401 0.592704
0 0.543802 0.563241 0.559135 0.585157 0.564099 0.586491 0.580187 0.565907 0.581995 0.557093 0.574625 0.546130 0.571620 0.533833 0.564854 0.527417 0.559891 0.526352 0.552672 0.535704 0.552370 0.543991 0.544552 0.553083
0 0.524734 0.607102 0.534359 0.619667 0.541573 0.622611 0.556161 0.596407 0.554958 0.586787 0.547589 0.580907 0.545786 0.567537 0.537516 0.558185 0.532250 0.563796 0.528495 0.571815 0.527891 0.577435 0.519922 0.586787 0.517667 0.595880
8 0.589807 0.627407 0.603318 0.647278 0.616823 0.635685 0.613563 0.619537 0.613333 0.597593 0.611932 0.588065 0.609604 0.580611 0.602151 0.578130 0.597026 0.586000 0.592370 0.602972 0.594000 0.618713
7 0.561177 0.361917 0.571313 0.350824 0.572219 0.343435 0.566375 0.333731 0.567021 0.322870 0.565073 0.316630 0.558833 0.320565 0.553245 0.318250 0.543109 0.326565 0.541161 0.333963 0.542719 0.337426 0.542458 0.350824 0.543370 0.359602 0.551948 0.366537 0.556365 0.354065
7 0.567906 0.392157 0.576026 0.402574 0.583391 0.401509 0.586401 0.395630 0.597375 0.381991 0.596474 0.372102 0.590911 0.365417 0.591359 0.355259 0.587302 0.346176 0.582943 0.355259 0.578432 0.353120 0.569859 0.358741 0.568505 0.365954 0.567000 0.369167 0.568958 0.381463
7 0.588844 0.339259 0.596677 0.323176 0.604849 0.316676 0.610766 0.310806 0.616682 0.316056 0.615641 0.329046 0.621901 0.337713 0.623120 0.347917 0.617203 0.355648 0.607115 0.369259 0.602938 0.368019 0.595802 0.361833 0.591802 0.352556 0.587802 0.345750
7 0.560219 0.311565 0.581755 0.284009 0.584172 0.281500 0.589807 0.279713 0.591823 0.297250 0.598266 0.308343 0.597458 0.317287 0.581557 0.334463 0.575318 0.336250 0.567667 0.319074
6 0.634474 0.683556 0.636125 0.703611 0.640786 0.712426 0.651464 0.714296 0.659281 0.708685 0.661385 0.688907 0.659281 0.676343 0.658531 0.658167 0.652667 0.645065 0.646052 0.643194 0.639583 0.654417
6 0.609937 0.713463 0.608505 0.722704 0.611234 0.741194 0.622281 0.745583 0.630990 0.743963 0.635536 0.731944 0.633849 0.712083 0.630990 0.687593 0.628130 0.685046 0.626182 0.677194 0.621240 0.677426 0.617734 0.683204 0.614484 0.686667
5 0.545438 0.775556 0.531734 0.757787 0.530615 0.745602 0.534771 0.741009 0.534880 0.727639 0.542297 0.723843 0.544880 0.720444 0.548135 0.719648 0.551844 0.726037 0.556448 0.732231 0.559703 0.747602 0.552964 0.753796 0.550719 0.767176
5 0.547333 0.780546 0.563437 0.798083 0.578135 0.775889 0.572901 0.754417 0.567667 0.747981 0.565453 0.740463 0.561224 0.739750 0.558203 0.746907 0.553172 0.753343
4 0.437807 0.558583 0.445474 0.569815 0.455401 0.572491 0.462318 0.567944 0.470438 0.552435 0.467729 0.536935 0.463521 0.530787 0.464120 0.517417 0.461417 0.504852 0.453297 0.498435 0.442771 0.503519 0.440964 0.525704 0.442318 0.527046 0.437807 0.536398
4 0.413750 0.526602 0.421583 0.535565 0.428021 0.535259 0.434630 0.538046 0.442286 0.523509 0.442807 0.511130 0.440547 0.502167 0.437411 0.494741 0.438458 0.485769 0.436891 0.474019 0.433604 0.468759 0.429411 0.465046 0.418625 0.468454 0.416365 0.473093 0.415490 0.486704 0.416188 0.492269 0.410969 0.512676
4 0.417651 0.558398 0.407734 0.573546 0.393120 0.568602 0.385292 0.552519 0.390333 0.528704 0.389813 0.517259 0.392771 0.503343 0.403208 0.498704 0.411385 0.503343 0.412953 0.519111 0.410865 0.529630 0.416083 0.537981 0.417302 0.543546
4 0.430323 0.606204 0.420547 0.604009 0.412125 0.591833 0.411339 0.579454 0.415943 0.563880 0.416953 0.543306 0.419313 0.537713 0.428187 0.533926 0.435375 0.536315 0.438406 0.548296 0.437734 0.560676 0.443240 0.576259 0.445036 0.587833 0.442115 0.594824
4 0.443797 0.620222 0.444667 0.637852 0.452844 0.651463 0.467984 0.653315 0.478245 0.636611 0.476854 0.616824 0.472333 0.606611 0.471807 0.595481 0.470068 0.583111 0.462432 0.578843 0.452828 0.581250 0.448948 0.594028 0.449141 0.605593
3 0.517911 0.386093 0.521797 0.389546 0.526453 0.397139 0.531406 0.388852 0.533844 0.391787 0.541318 0.381259 0.541990 0.367278 0.538687 0.362796 0.543635 0.351231 0.542568 0.334833 0.537135 0.335528 0.530823 0.319991 0.525094 0.333972 0.517036 0.330343 0.515583 0.343806 0.518010 0.351056 0.519172 0.361759 0.517036 0.370731
3 0.544214 0.421361 0.553052 0.432935 0.571375 0.408426 0.564490 0.393870 0.569557 0.382083 0.566698 0.366602 0.563057 0.368454 0.555911 0.353204 0.550323 0.367065 0.542786 0.363370 0.540448 0.375157 0.542786 0.383722 0.544214 0.395259 0.541615 0.405880 0.543177 0.412815
3 0.513536 0.448083 0.528432 0.470630 0.546552 0.443074 0.540714 0.428407 0.544536 0.416241 0.540714 0.400852 0.537490 0.402278 0.531734 0.386750 0.525677 0.399130 0.516797 0.397731 0.515792 0.412296 0.517927 0.419102 0.518708 0.431269
3 0.492042 0.419889 0.501786 0.433500 0.516052 0.413398 0.516750 0.398546 0.518312 0.383083 0.516052 0.366380 0.505615 0.352157 0.490651 0.366694 0.490651 0.383083 0.493260 0.389583 0.493089 0.395454 0.488740 0.413398
2 0.445297 0.487861 0.451703 0.498907 0.460443 0.501148 0.469469 0.490972 0.469667 0.476991 0.463255 0.469222 0.462187 0.452657 0.455005 0.444713 0.446073 0.446444 0.436755 0.465250 0.437146 0.476472 0.438406 0.484926
2 0.464333 0.518065 0.471073 0.522861 0.475229 0.533843 0.484328 0.535444 0.495219 0.521463 0.493984 0.509278 0.489719 0.501898 0.489266 0.485917 0.482865 0.477935 0.475339 0.479333 0.467365 0.492509 0.462313 0.505491
2 0.485500 0.478630 0.506552 0.504296 0.514036 0.496880 0.520818 0.483889 0.518557 0.470278 0.515948 0.466565 0.513859 0.451722 0.509510 0.445528 0.502375 0.443676 0.493677 0.455120
