1 0.506245 0.551444 0.493047 0.570472 0.470781 0.538352 0.474797 0.511889 0.471448 0.492259 0.495370 0.463407 0.515797 0.492556 0.510943 0.513972 0.515109 0.524380 0.504906 0.538648
0 0.366599 0.774648 0.390120 0.806065 0.397401 0.806296 0.418714 0.777185 0.418453 0.763787 0.408057 0.749463 0.405198 0.734444 0.396750 0.724046 0.390120 0.723815 0.380245 0.739759 0.381026 0.746454 0.367771 0.761241
0 0.409536 0.739796 0.422250 0.759815 0.431089 0.760167 0.452635 0.726852 0.451766 0.716157 0.440307 0.705630 0.438948 0.688019 0.429240 0.678880 0.418370 0.678704 0.414000 0.701833 0.401865 0.715463 0.400120 0.727204
0 0.430464 0.684537 0.444885 0.697944 0.455802 0.716426 0.465422 0.714343 0.485823 0.682000 0.485172 0.669750 0.473219 0.657046 0.470880 0.642028 0.462953 0.632787 0.453984 0.637639 0.447484 0.651500 0.447354 0.660509 0.442807 0.660278
0 0.475427 0.648343 0.489609 0.668778 0.496823 0.669074 0.518635 0.639843 0.518724 0.629102 0.511927 0.618815 0.508318 0.616130 0.502865 0.597185 0.494896 0.590176 0.489021 0.590472 0.482391 0.602556 0.480714 0.614481 0.469385 0.624481 0.467375 0.637750
0 0.444422 0.608009 0.458406 0.626194 0.465927 0.622444 0.487880 0.589306 0.479911 0.573259 0.476901 0.551880 0.464724 0.540111 0.445625 0.549204 0.440812 0.565509 0.440964 0.572991 0.432995 0.584491 0.431490 0.593315 0.436604 0.599194
0 0.408609 0.650944 0.419411 0.670528 0.429563 0.670907 0.439823 0.654972 0.450406 0.641537 0.450620 0.629056 0.445651 0.619648 0.439281 0.616954 0.438094 0.603130 0.430099 0.589694 0.423839 0.588546 0.416818 0.598907 0.414552 0.611778 0.406125 0.620417 0.400833 0.631361 0.402130 0.640380
0 0.376354 0.696037 0.388937 0.714250 0.395635 0.716546 0.417740 0.685417 0.416687 0.672944 0.406849 0.661611 0.406203 0.649852 0.398458 0.637083 0.395391 0.634796 0.389583 0.636796 0.382484 0.648704 0.382240 0.656019 0.374578 0.665481 0.370380 0.670213 0.372318 0.678102 0.372401 0.690157
1 0.500849 0.581435 0.527948 0.617907 0.550786 0.585222 0.547885 0.555630 0.550401 0.538074 0.527172 0.503667 0.504333 0.535324 0.507042 0.558722
1 0.521167 0.516407 0.514167 0.504185 0.515292 0.491972 0.506922 0.481528 0.509042 0.467972 0.505422 0.446426 0.527536 0.419102 0.548406 0.446870 0.545656 0.467750 0.548531 0.483306 0.538036 0.494407 0.541031 0.503741 0.532411 0.515741 0.526911 0.508185
1 0.573594 0.480000 0.574750 0.468685 0.572292 0.446583 0.594844 0.418315 0.616823 0.447102 0.612630 0.471778 0.617833 0.488991 0.616531 0.495417 0.594411 0.522148 0.581255 0.505963 0.581255 0.490278
1 0.600062 0.425722 0.608187 0.414611 0.606063 0.403954 0.614182 0.392176 0.613062 0.381963 0.615307 0.356407 0.594568 0.329528 0.571573 0.357741 0.575323 0.379519 0.573573 0.392620 0.581568 0.402843 0.580948 0.414833 0.588943 0.426611 0.594943 0.419278
1 0.615094 0.458981 0.625464 0.476648 0.650953 0.447648 0.646953 0.427880 0.649547 0.400231 0.628161 0.374120 0.605266 0.404454 0.608401 0.421157 0.606781 0.436898 0.614880 0.446500
1 0.560813 0.566843 0.582729 0.536213 0.579885 0.513611 0.582557 0.490120 0.559641 0.461861 0.538229 0.493685 0.542745 0.513611 0.539234 0.526398 0.548266 0.535620 0.546760 0.549000
1 0.560078 0.371639 0.583302 0.402259 0.580594 0.422565 0.584464 0.432204 0.573240 0.446306 0.575755 0.461796 0.566271 0.472463 0.560656 0.464204 0.555047 0.471426 0.546917 0.462139 0.547885 0.448713 0.540333 0.435981 0.541302 0.427037 0.538594 0.406046
2 0.359370 0.570120 0.384292 0.603130 0.390146 0.601046 0.406208 0.580231 0.400521 0.555546 0.396172 0.533537 0.386635 0.525213 0.373083 0.529972 0.360703 0.553167
2 0.405740 0.538954 0.409755 0.553824 0.424307 0.556500 0.433172 0.544898 0.439531 0.525565 0.429828 0.509509 0.429495 0.494343 0.424141 0.482444 0.409250 0.482741 0.400219 0.501778 0.392859 0.519028 0.395870 0.533000
2 0.393891 0.511769 0.403146 0.497630 0.404880 0.476296 0.397219 0.469361 0.397505 0.451361 0.392302 0.440315 0.378568 0.438259 0.367000 0.451880 0.357599 0.476815 0.363094 0.491972 0.373651 0.490435 0.376109 0.494806 0.377120 0.507657 0.382615 0.514083
6 0.591885 0.853380 0.588589 0.829398 0.585589 0.801685 0.577792 0.789954 0.573594 0.789954 0.560104 0.800083 0.553807 0.831528 0.555609 0.851250 0.567000 0.850185 0.571198 0.855509
6 0.610802 0.839741 0.621896 0.829611 0.624594 0.804028 0.621297 0.765648 0.612302 0.745935 0.601510 0.742204 0.592813 0.758722 0.590714 0.789639 0.588016 0.809889 0.591615 0.829611
7 0.452469 0.355815 0.480240 0.385676 0.486734 0.382491 0.506667 0.349444 0.504651 0.341083 0.499276 0.334713 0.500844 0.320380 0.495245 0.310426 0.489870 0.316796 0.475313 0.316796
7 0.501276 0.325565 0.514437 0.336574 0.519469 0.334509 0.530500 0.322120 0.540182 0.304231 0.536115 0.293907 0.530698 0.288750 0.528182 0.267407 0.521792 0.261222 0.516177 0.271194 0.505922 0.275324 0.497406 0.289435 0.492177 0.307667 0.499531 0.313519
7 0.488089 0.392398 0.511453 0.425944 0.520078 0.421722 0.539198 0.399731 0.539073 0.386620 0.530323 0.378185 0.531698 0.361519 0.524828 0.351750 0.510104 0.363056
7 0.533573 0.364407 0.547568 0.382407 0.554443 0.380852 0.565438 0.361741 0.572437 0.352861 0.572562 0.340194 0.563562 0.333083 0.562313 0.308870 0.556443 0.304870 0.547443 0.315981 0.537823 0.320426 0.535198 0.332194 0.525828 0.341972 0.527448 0.354417
8 0.533635 0.715287 0.531510 0.732833 0.546026 0.751074 0.566734 0.733185 0.564995 0.713565 0.560734 0.708407 0.560542 0.683972 0.558411 0.667111 0.549703 0.657139 0.541380 0.661611 0.540026 0.669528 0.535380 0.679500
8 0.535380 0.711843 0.528219 0.714944 0.515833 0.711500 0.510026 0.691546 0.511766 0.679843 0.514089 0.648185 0.517573 0.638898 0.522995 0.628231 0.532865 0.630981 0.538089 0.642685 0.538672 0.662981 0.536542 0.668148
8 0.561318 0.678472 0.561125 0.656444 0.562479 0.623417 0.560349 0.606556 0.550865 0.598296 0.538672 0.606213 0.533833 0.628231 0.536156 0.639935 0.538089 0.661954 0.536542 0.670556 0.539641 0.673306 0.545641 0.659546 0.554156 0.661611
9 0.634073 0.516574 0.651422 0.545361 0.664432 0.546907 0.679901 0.529944 0.685833 0.530713 0.688146 0.526083 0.685974 0.510407 0.685396 0.498324 0.679469 0.481620 0.683229 0.466194 0.673250 0.434833 0.670505 0.429444 0.667615 0.432269 0.665734 0.453602 0.656479 0.454370 0.646073 0.467991 0.647083 0.476731 0.633349 0.475194
10 0.366292 0.156093 0.394937 0.121000 0.395323 0.105509 0.390677 0.097259 0.389906 0.080398 0.387000 0.059065 0.361063 0.015704 0.348677 0.030843 0.331839 0.058713 0.325255 0.094500 0.320609 0.111019 0.352161 0.155065
11 0.220068 0.249139 0.226760 0.265194 0.237130 0.280657 0.252188 0.281852 0.257208 0.277093 0.259880 0.253602 0.272594 0.241704 0.269922 0.229213 0.268245 0.207796 0.248005 0.178657 0.243656 0.178657 0.225089 0.206611 0.224083 0.224750
11 0.256135 0.301352 0.266719 0.318648 0.276979 0.326306 0.284432 0.325556 0.295125 0.314407 0.306141 0.300769 0.307865 0.281185 0.301927 0.269472 0.302573 0.250852 0.294151 0.242806 0.292531 0.247009 0.289505 0.245472 0.289292 0.234722 0.282594 0.218407 0.277521 0.218593 0.272120 0.237796 0.272229 0.243963 0.267693 0.244898 0.258729 0.253926 0.258401 0.261991 0.259917 0.268324 0.254729 0.281769
11 0.306724 0.279361 0.315797 0.282241 0.319896 0.278407 0.339448 0.256324 0.342146 0.240389 0.337286 0.225222 0.337828 0.208324 0.328755 0.196806 0.325193 0.202565 0.323354 0.199685 0.323573 0.192194 0.316120 0.178565 0.312771 0.180102 0.305859 0.192389 0.306292 0.199111 0.304344 0.202370 0.300568 0.199880 0.292250 0.208704 0.291818 0.218500 0.293005 0.225796 0.290417 0.238472 0.292359 0.244037 0.301969 0.251333
11 0.307589 0.191046 0.302401 0.180481 0.303589 0.162824 0.296464 0.153991 0.291495 0.156676 0.287604 0.142657 0.281880 0.134407 0.277885 0.135944 0.271948 0.149574 0.271620 0.155528 0.265141 0.155528 0.258339 0.160898 0.258661 0.173574 0.257042 0.187009 0.254557 0.192389 0.254557 0.199685 0.257693 0.203907 0.261797 0.201028 0.269464 0.208519 0.267948 0.223491 0.271839 0.233093 0.274104 0.232130 0.278104 0.219074 0.284797 0.221380 0.285448 0.231556 0.291708 0.230019 0.293328 0.207176
12 0.344714 0.409463 0.351240 0.431176 0.358932 0.432065 0.373823 0.412139 0.387536 0.402324 0.391719 0.382102 0.384193 0.373481 0.379875 0.355639 0.374740 0.337194 0.357880 0.325000 0.338391 0.345639 0.334510 0.367407 0.333505 0.372315 0.339510 0.373213 0.340516 0.393852
12 0.396260 0.386981 0.408406 0.370269 0.423880 0.352019 0.425177 0.336343 0.418094 0.326833 0.411297 0.299333 0.401755 0.287509 0.390911 0.282361 0.376599 0.291620 0.369516 0.316806 0.368214 0.334028 0.377177 0.342509 0.380214 0.355102 0.382380 0.371556 0.389469 0.385694
12 0.348609 0.324824 0.350344 0.316343 0.345427 0.307093 0.341667 0.293213 0.332573 0.286093 0.335479 0.279074 0.337896 0.264009 0.344516 0.248231 0.355000 0.238620 0.364932 0.238898 0.373391 0.247796 0.382193 0.267870 0.382990 0.280926 0.386792 0.285222 0.378568 0.293981 0.373000 0.306037 0.371135 0.320787 0.368563 0.332565 0.359031 0.327833 0.350328 0.332843
12 0.313948 0.364463 0.312948 0.379333 0.320974 0.389444 0.325156 0.375769 0.335531 0.371306 0.336198 0.362389 0.343391 0.343056 0.349078 0.331750 0.346568 0.312130 0.343724 0.296657 0.335865 0.285065 0.321646 0.282685 0.307255 0.295176 0.299396 0.320157 0.302073 0.330565 0.306755 0.331454 0.308427 0.342759 0.307927 0.357926
13 0.413172 0.297519 0.422073 0.305093 0.433104 0.329861 0.442010 0.324361 0.459427 0.304056 0.464849 0.269306 0.459427 0.261046 0.455557 0.242120 0.436396 0.219065 0.417234 0.243843 0.418589 0.256231 0.412010 0.264833
14 0.683661 0.718120 0.713151 0.753435 0.715276 0.803426 0.685536 0.836963 0.682036 0.831417 0.681036 0.816750 0.676292 0.812083 0.667792 0.816306 0.659547 0.804537 0.659797 0.780759 0.655047 0.757657
4 0.336062 0.716750 0.341245 0.750843 0.360417 0.755444 0.373115 0.749000 0.382182 0.731491 0.376484 0.705694 0.372599 0.693722 0.373115 0.680824 0.369745 0.661009 0.358604 0.657324 0.346427 0.665620 0.344094 0.687269
