0 0.451589 0.742194 0.477911 0.782796 0.490109 0.781426 0.515078 0.747704 0.511010 0.728093 0.499010 0.717769 0.498818 0.705037 0.486625 0.688176 0.474818 0.687139 0.466880 0.713296 0.455266 0.723611
12 0.398979 0.305639 0.389615 0.287204 0.386432 0.263111 0.384594 0.236352 0.378240 0.235750 0.383089 0.210176 0.393964 0.184898 0.406339 0.185491 0.420563 0.189361 0.427083 0.207204 0.434948 0.238426 0.427589 0.248546 0.420943 0.262907 0.418203 0.273287 0.417865 0.285185 0.412682 0.287259 0.408333 0.281907
13 0.501385 0.195241 0.516755 0.211241 0.524125 0.226565 0.534500 0.231231 0.545495 0.219231 0.554990 0.216787 0.564740 0.185028 0.561240 0.169472 0.554990 0.161250 0.552865 0.139259 0.540245 0.122380 0.532000 0.117935 0.517005 0.129037 0.510630 0.149037 0.511630 0.159472 0.505505 0.169250
7 0.556130 0.260611 0.584115 0.298389 0.595255 0.292861 0.613135 0.263380 0.610026 0.247713 0.604323 0.241731 0.607172 0.223759 0.600437 0.212704 0.589813 0.219157 0.576078 0.222380
7 0.609937 0.233500 0.620062 0.244556 0.627000 0.243269 0.648833 0.218593 0.648979 0.204204 0.643047 0.194694 0.638276 0.186722 0.638714 0.167444 0.632786 0.159222 0.626568 0.167963 0.611099 0.174639 0.603724 0.190065 0.595771 0.211657 0.598229 0.216796 0.604589 0.217056 0.606469 0.230157
7 0.620370 0.268130 0.589016 0.308046 0.621724 0.351750 0.654047 0.311148 0.638563 0.283278 0.642240 0.271574 0.635276 0.262630 0.627724 0.271574
7 0.642880 0.284204 0.657589 0.303815 0.690495 0.262870 0.673464 0.210222 0.645010 0.228806 0.633589 0.260120 0.641719 0.269750
0 0.496125 0.597278 0.517714 0.628731 0.527005 0.626065 0.550693 0.591954 0.554286 0.575426 0.540500 0.551981 0.513813 0.531194 0.497927 0.558907 0.491927 0.581296
0 0.526786 0.638898 0.560854 0.682259 0.576531 0.657481 0.577693 0.640963 0.589885 0.636491 0.584661 0.619287 0.583109 0.602083 0.569370 0.593130 0.553693 0.586250 0.544208 0.592444 0.541109 0.614815 0.533172 0.619287
0 0.464115 0.656926 0.476693 0.677574 0.488891 0.677917 0.497792 0.660713 0.505531 0.647639 0.512307 0.641787 0.510177 0.622861 0.498760 0.613574 0.495469 0.594648 0.485792 0.581231 0.473792 0.587769 0.468953 0.610130 0.455984 0.623204 0.460630 0.639380 0.458885 0.654861
0 0.524870 0.536287 0.536292 0.518037 0.542505 0.493620 0.558266 0.480509 0.572870 0.482315 0.580385 0.500306 0.584578 0.523694 0.590073 0.531667 0.582990 0.545796 0.562458 0.576130 0.552630 0.573815 0.550172 0.566361 0.539182 0.554278
0 0.568208 0.590787 0.597766 0.625824 0.607620 0.606315 0.616130 0.601935 0.625312 0.579250 0.619714 0.565713 0.605156 0.535852 0.592615 0.533463 0.584552 0.536250 0.579401 0.557352 0.578505 0.566111 0.569323 0.573676
0 0.490260 0.689620 0.519875 0.731602 0.528589 0.724713 0.551036 0.695815 0.551036 0.681019 0.542911 0.668630 0.537682 0.650389 0.527229 0.645917 0.509036 0.643509 0.502458 0.647639 0.495875 0.667250
1 0.571594 0.478139 0.595677 0.510009 0.612417 0.487935 0.611984 0.474111 0.620625 0.462204 0.618573 0.451648 0.621922 0.422843 0.598495 0.391204 0.572401 0.420352 0.576083 0.450685
1 0.619896 0.435898 0.629766 0.448694 0.637964 0.440657 0.642146 0.448694 0.651516 0.435306 0.648839 0.421926 0.661719 0.406463 0.657703 0.396352 0.662724 0.371667 0.657536 0.361852 0.635286 0.334491 0.607182 0.370176 0.613042 0.392778 0.613208 0.411222 0.621068 0.421926
1 0.675229 0.388556 0.700469 0.424546 0.695219 0.448315 0.700094 0.476750 0.672479 0.510296 0.657109 0.502472 0.663156 0.472620 0.649484 0.459093 0.652849 0.446343 0.649484 0.422056
1 0.636802 0.438546 0.609927 0.476370 0.614854 0.500657 0.609255 0.526139 0.623812 0.548028 0.644641 0.551213 0.666141 0.525741 0.655839 0.504639 0.660766 0.471194 0.648224 0.457259
2 0.436917 0.520481 0.467797 0.550861 0.483083 0.547130 0.495375 0.526343 0.494479 0.494898 0.482187 0.460250 0.462099 0.455991 0.449807 0.481574
12 0.476141 0.189065 0.471646 0.181287 0.466146 0.153074 0.454776 0.135972 0.440156 0.131083 0.425281 0.145750 0.418536 0.170185 0.415411 0.188398 0.425031 0.195954 0.429531 0.212833 0.432281 0.228833 0.436156 0.236602 0.443276 0.236389 0.452401 0.239046 0.456396 0.223278 0.461396 0.201287
12 0.492698 0.302898 0.498698 0.288009 0.518818 0.270463 0.520193 0.249583 0.510693 0.233583 0.505943 0.207593 0.493073 0.186935 0.479203 0.182713 0.460370 0.200750 0.453786 0.236852 0.456813 0.242028 0.464807 0.253935 0.468146 0.268907 0.472042 0.274481 0.470630 0.285231 0.478729 0.298102 0.480026 0.303278
12 0.427969 0.330694 0.430880 0.350602 0.440286 0.359759 0.451260 0.352593 0.462906 0.333083 0.483734 0.319944 0.481047 0.294861 0.473656 0.283315 0.465885 0.253657 0.456031 0.237889 0.443646 0.234102 0.424589 0.248157 0.416948 0.273046 0.416792 0.282315 0.421719 0.288731 0.424318 0.313417
11 0.388156 0.066056 0.398193 0.068139 0.405724 0.088963 0.418099 0.093120 0.423120 0.123454 0.422281 0.153787 0.418099 0.160630 0.395516 0.184130 0.378620 0.174019 0.380964 0.145463 0.368583 0.137435 0.365073 0.128509 0.369422 0.120185 0.366745 0.098472
11 0.363969 0.131250 0.370354 0.119898 0.368615 0.096843 0.378099 0.086861 0.381776 0.095120 0.384677 0.090991 0.383323 0.078602 0.380224 0.043852 0.369000 0.033528 0.361260 0.022176 0.352161 0.014944 0.328740 0.047639 0.325255 0.077574 0.325839 0.086519 0.333000 0.089269 0.340938 0.099593 0.342094 0.119556 0.345000 0.127463 0.352161 0.117833 0.356807 0.118176
11 0.329943 0.175537 0.319682 0.185176 0.308260 0.182417 0.293552 0.163843 0.284844 0.143194 0.284453 0.129083 0.289682 0.119454 0.291812 0.095019 0.302260 0.087102 0.313104 0.066806 0.320068 0.067491 0.327813 0.086417 0.336328 0.090546 0.342328 0.099148 0.343104 0.114630 0.348714 0.127361 0.344266 0.135620 0.346198 0.141815 0.342328 0.145944 0.338266 0.138380 0.329750 0.149731
11 0.323745 0.192741 0.329167 0.209259 0.350844 0.235750 0.359750 0.233343 0.382974 0.204444 0.384719 0.182759 0.377557 0.170380 0.379104 0.145602 0.369620 0.137000 0.366719 0.141472 0.364781 0.133213 0.355297 0.118417 0.350073 0.118759 0.343104 0.140093 0.336911 0.140435 0.331104 0.148352 0.329359 0.167278
10 0.409604 0.006296 0.442526 0.043296 0.454005 0.041454 0.465453 0.015546 0.481031 0.000000 0.455042 0.000000
4 0.418687 0.679250 0.417786 0.704306 0.439974 0.726694 0.462458 0.715500 0.472953 0.693111 0.463057 0.660602 0.460063 0.633417 0.457062 0.614231 0.439974 0.604102 0.425880 0.619565
2 0.443062 0.419306 0.458937 0.430009 0.469490 0.444583 0.479010 0.446667 0.491906 0.435963 0.495589 0.418713 0.494250 0.399676 0.488063 0.394917 0.487542 0.372019 0.478359 0.360130 0.466146 0.359824 0.458099 0.373213 0.446406 0.393139
2 0.497542 0.481861 0.504021 0.499833 0.515682 0.497065 0.532266 0.479565 0.533557 0.457454 0.526563 0.445472 0.523453 0.417370 0.513089 0.409546 0.495729 0.419213 0.484328 0.448241 0.485104 0.467120
