12 0.494620 0.512778 0.499911 0.518731 0.496120 0.530824 0.505635 0.543694 0.506609 0.548111 0.511359 0.546954 0.516005 0.537352 0.523458 0.536204 0.519677 0.520269 0.521932 0.518343 0.528307 0.522574 0.531667 0.519694 0.537823 0.520843 0.539755 0.511435 0.544193 0.491278 0.533380 0.477259 0.530583 0.454991 0.521828 0.437324 0.505099 0.432519 0.494083 0.441546 0.484792 0.460556 0.483063 0.478602 0.479823 0.485704 0.487911 0.494157 0.490734 0.500111
12 0.483120 0.472185 0.484089 0.480167 0.481474 0.485056 0.476135 0.483778 0.469766 0.482991 0.463552 0.485843 0.459641 0.479926 0.463417 0.469398 0.456760 0.459861 0.453292 0.451398 0.446792 0.437778 0.441583 0.435713 0.445182 0.429787 0.448958 0.410519 0.453427 0.394833 0.466589 0.383028 0.477141 0.381204 0.486255 0.390731 0.495932 0.414380 0.496667 0.428241 0.502010 0.434954 0.495219 0.440083 0.490437 0.448065 0.487260 0.454981
13 0.586938 0.422324 0.588240 0.443139 0.579417 0.453417 0.576526 0.461389 0.570599 0.469611 0.563948 0.467815 0.563661 0.473472 0.554115 0.476296 0.541396 0.466269 0.526938 0.441083 0.529974 0.414352 0.536188 0.410750 0.538068 0.386333 0.556141 0.366028 0.564958 0.367574 0.579854 0.389935 0.580573 0.410750
11 0.355042 0.449000 0.367031 0.466278 0.376099 0.477602 0.386469 0.480120 0.392734 0.470306 0.398781 0.466472 0.404292 0.456120 0.412068 0.452833 0.415411 0.428648 0.406234 0.415398 0.410339 0.399676 0.400188 0.388898 0.396406 0.396787 0.391760 0.389472 0.393813 0.381602 0.388740 0.371620 0.388740 0.365861 0.382151 0.363361 0.378583 0.373731 0.375021 0.381796 0.375672 0.389861 0.372646 0.395241 0.369188 0.388519 0.359901 0.397944 0.359792 0.409250 0.362063 0.416546 0.356661 0.427491 0.353531 0.433639
11 0.375672 0.392546 0.372214 0.396389 0.369406 0.388898 0.359792 0.398694 0.360656 0.409639 0.362385 0.415778 0.354068 0.427880 0.336792 0.430176 0.317240 0.395815 0.317891 0.378556 0.322750 0.369509 0.322641 0.347046 0.330417 0.338407 0.334740 0.341667 0.337005 0.339769 0.337760 0.331685 0.343917 0.317861 0.349318 0.318074 0.357526 0.331111 0.356120 0.338981 0.359255 0.345889 0.362495 0.338981 0.371672 0.348583 0.370807 0.360889 0.369083 0.366241 0.373833 0.372583 0.376099 0.381028
11 0.392026 0.389139 0.396365 0.396333 0.400266 0.388370 0.410531 0.398648 0.408365 0.416380 0.414005 0.426148 0.426005 0.429231 0.439302 0.414065 0.450870 0.401472 0.451161 0.380907 0.444943 0.367806 0.446677 0.350843 0.445234 0.345444 0.436703 0.339269 0.434245 0.344926 0.431495 0.342361 0.430917 0.331306 0.423687 0.319741 0.416026 0.319991 0.409953 0.334130 0.412844 0.338241 0.409807 0.346472 0.407354 0.337213 0.397667 0.349556 0.398531 0.363694 0.400557 0.368574 0.396219 0.373204 0.392026 0.379370 0.393474 0.380907
11 0.392792 0.379111 0.397563 0.372426 0.398578 0.366259 0.397563 0.351870 0.399010 0.346472 0.406818 0.339528 0.409854 0.346213 0.412891 0.341583 0.413755 0.334648 0.408698 0.317167 0.409130 0.297037 0.399271 0.287759 0.396755 0.294981 0.393458 0.291880 0.394240 0.278815 0.391521 0.275370 0.385708 0.267787 0.378943 0.271593 0.373333 0.281898 0.373708 0.290509 0.366755 0.290157 0.357458 0.303593 0.360552 0.316315 0.354161 0.328704 0.357849 0.335935 0.356490 0.342815 0.359005 0.343491 0.362880 0.338343 0.371396 0.348657 0.370240 0.364157 0.373333 0.376185 0.378755 0.375852 0.382240 0.362074 0.387458 0.364843
2 0.485406 0.665185 0.493745 0.681361 0.506115 0.685833 0.518521 0.678611 0.523729 0.656241 0.515214 0.636630 0.514437 0.612537 0.506328 0.600843 0.495276 0.598093 0.485812 0.610472 0.482708 0.615648 0.474974 0.628713 0.472630 0.652454 0.476521 0.666565
12 0.461500 0.570093 0.458026 0.582426 0.459760 0.593222 0.468438 0.599648 0.475380 0.596306 0.483906 0.582944 0.483620 0.569065 0.492729 0.573176 0.502703 0.564435 0.507474 0.544130 0.497063 0.527167 0.495042 0.509426 0.486224 0.491435 0.475667 0.481667 0.462219 0.483981 0.451375 0.499917 0.446750 0.520481 0.444292 0.529481 0.450078 0.534620 0.451521 0.547731 0.451089 0.560583
12 0.428630 0.547343 0.420318 0.537935 0.424203 0.517769 0.414484 0.506444 0.413510 0.484935 0.408115 0.479750 0.409625 0.463815 0.416646 0.445769 0.422802 0.437130 0.433911 0.430796 0.440396 0.435019 0.449359 0.442509 0.456714 0.458639 0.458875 0.477065 0.462651 0.486287 0.455083 0.493389 0.449047 0.505676 0.445578 0.520269 0.445807 0.531213 0.441271 0.531019 0.434354 0.523722 0.429823 0.526407
10 0.471771 0.302500 0.430708 0.251852 0.430411 0.227333 0.435505 0.222537 0.436703 0.185759 0.454995 0.161241 0.459193 0.142056 0.478078 0.128731 0.505661 0.167111 0.499667 0.178833 0.509260 0.210815 0.504464 0.224139 0.512255 0.242796 0.511057 0.257713
