0 0.702328 0.129278 0.722484 0.154759 0.730771 0.151574 0.746224 0.130472 0.741969 0.108574 0.732786 0.098222 0.717333 0.091852 0.711063 0.112556
1 0.664380 0.394389 0.667557 0.378620 0.666552 0.362565 0.684620 0.339074 0.699344 0.361074 0.695495 0.369407 0.684286 0.384278 0.681776 0.394083 0.682615 0.403306 0.674917 0.405093
0 0.289198 0.483093 0.310490 0.506833 0.315906 0.505426 0.321714 0.491009 0.332167 0.480685 0.333328 0.466917 0.323068 0.463130 0.321906 0.448685 0.313198 0.442796 0.302552 0.451056 0.300422 0.465509 0.295005 0.469296
0 0.789469 0.357009 0.803802 0.376120 0.813427 0.374926 0.828208 0.352231 0.826193 0.339093 0.818130 0.323565 0.806260 0.314009 0.799099 0.318389 0.793724 0.333917 0.786557 0.343472
1 0.485182 0.397083 0.500844 0.373852 0.498896 0.359259 0.500411 0.340435 0.485182 0.316435 0.468333 0.341398 0.470818 0.357333 0.468333 0.377685
1 0.427391 0.540222 0.444453 0.517343 0.441271 0.499093 0.444161 0.482130 0.427245 0.461565 0.409609 0.483935 0.413365 0.499093 0.410474 0.518889
2 0.723266 0.457102 0.728448 0.474352 0.739656 0.469000 0.740995 0.458296 0.737484 0.444917 0.733469 0.424093 0.727948 0.420824 0.716073 0.426472 0.712724 0.436287 0.714734 0.454426 0.714562 0.457704
2 0.296349 0.147769 0.288354 0.134213 0.279479 0.128000 0.279854 0.110889 0.291604 0.089343 0.303724 0.091787 0.306099 0.112444 0.311469 0.118667 0.314219 0.132667 0.307349 0.141546
2 0.370505 0.578731 0.369583 0.567306 0.373349 0.559102 0.384188 0.543417 0.392719 0.542380 0.399234 0.549306 0.397917 0.566269 0.392292 0.569611 0.386651 0.582750 0.378542 0.582472
3 0.362849 0.355694 0.391286 0.389000 0.407344 0.355694 0.398964 0.310194 0.389260 0.296509 0.372719 0.311972 0.371531 0.331306
4 0.411010 0.409417 0.412312 0.418157 0.418094 0.430750 0.433708 0.437944 0.444266 0.417130 0.442531 0.400935 0.437323 0.393222 0.438917 0.382944 0.436458 0.368037 0.426625 0.363926 0.416792 0.371630 0.416792 0.392194
4 0.471151 0.364185 0.464240 0.370657 0.454255 0.365343 0.447255 0.354722 0.445667 0.347093 0.447438 0.331157 0.450521 0.326509 0.448932 0.315889 0.452016 0.301287 0.462281 0.297806 0.469469 0.302954 0.471245 0.318880 0.470214 0.327509 0.473760 0.334481 0.469281 0.340954
4 0.424526 0.206204 0.408193 0.198750 0.402698 0.180241 0.408625 0.158139 0.409203 0.139120 0.421203 0.131407 0.429589 0.137324 0.430599 0.160194 0.437250 0.175880 0.436964 0.192843
4 0.603021 0.206278 0.589802 0.202713 0.582609 0.182491 0.587797 0.160185 0.587797 0.137583 0.597333 0.130148 0.611719 0.138176 0.611047 0.162861 0.615396 0.167917 0.618911 0.184574
4 0.582484 0.400167 0.588990 0.380111 0.589714 0.359037 0.593182 0.353898 0.608073 0.355435 0.611547 0.365204 0.611688 0.374713 0.614292 0.390139 0.608797 0.382426 0.609812 0.404537 0.600411 0.408648 0.594193 0.404537
5 0.349677 0.321176 0.338255 0.304472 0.340859 0.292389 0.348813 0.267972 0.358641 0.268231 0.366307 0.290074 0.368182 0.297787 0.364568 0.304981 0.356760 0.314491
5 0.650661 0.286167 0.664714 0.303713 0.670568 0.301028 0.681109 0.284676 0.680438 0.273676 0.674250 0.260583 0.670734 0.253148 0.672073 0.239176 0.666052 0.234417 0.662203 0.237685 0.662370 0.252259 0.657687 0.261185
6 0.332750 0.402056 0.331078 0.410685 0.337099 0.428528 0.345130 0.432389 0.358349 0.426148 0.356672 0.397000 0.357677 0.385704 0.353495 0.369639 0.346802 0.362500 0.338609 0.361611 0.334760 0.374398
6 0.668557 0.164593 0.664526 0.187287 0.677068 0.202019 0.690057 0.196444 0.695880 0.185694 0.695208 0.164991 0.695208 0.141898 0.686698 0.128759 0.675724 0.131148
7 0.619229 0.348352 0.641141 0.371250 0.655026 0.355787 0.660214 0.344481 0.653521 0.334370 0.655865 0.322769 0.650844 0.316528 0.636292 0.320093
7 0.450937 0.463796 0.454937 0.443583 0.469557 0.439611 0.485177 0.450269 0.487427 0.468269 0.483552 0.475815 0.471807 0.488926 0.463182 0.489593 0.456313 0.478481
7 0.380547 0.261481 0.395099 0.240657 0.394766 0.228769 0.385229 0.210324 0.368833 0.204676 0.361641 0.227870 0.357625 0.237389 0.366328 0.249583
7 0.539349 0.129398 0.554250 0.154167 0.567026 0.148667 0.578641 0.125954 0.573219 0.099111 0.555604 0.096019 0.549411 0.108750
8 0.297073 0.274676 0.298865 0.296972 0.315208 0.314093 0.326406 0.302546 0.321031 0.281444 0.321927 0.265519 0.318120 0.246009 0.310505 0.240833 0.301104 0.254769
8 0.709833 0.311000 0.697786 0.303565 0.694609 0.289287 0.697115 0.252407 0.705984 0.240509 0.713677 0.244083 0.717026 0.260435 0.715016 0.277981 0.719703 0.287796 0.717026 0.304454 0.713844 0.300880 0.711000 0.303565
9 0.489896 0.294907 0.505766 0.319676 0.512734 0.320713 0.530734 0.300750 0.525510 0.264972 0.525318 0.252926 0.516411 0.226083 0.511766 0.241222 0.500542 0.246731 0.497443 0.263250 0.487958 0.261870
10 0.484656 0.000000 0.476479 0.029981 0.510161 0.070241 0.537646 0.035148 0.531839 0.000046 0.531302 0.000000
11 0.493281 0.404944 0.515193 0.431111 0.539786 0.405537 0.535604 0.387694 0.537443 0.373713 0.517870 0.351407 0.501474 0.374907
11 0.616318 0.132352 0.635391 0.154352 0.644922 0.155546 0.661990 0.135620 0.661318 0.115102 0.657135 0.094880 0.643083 0.076139 0.638734 0.078519 0.623510 0.097556
11 0.356672 0.131426 0.366927 0.152759 0.382026 0.155852 0.398672 0.136241 0.399255 0.118000 0.394995 0.095296 0.379896 0.077056 0.373896 0.076713 0.361510 0.097361
11 0.520031 0.188824 0.512667 0.200130 0.502297 0.196259 0.488745 0.174250 0.489417 0.161463 0.492927 0.139454 0.510328 0.120722 0.527052 0.142435 0.526885 0.154620 0.518188 0.165630
12 0.409260 0.304426 0.411594 0.310870 0.419625 0.321009 0.428177 0.315019 0.439839 0.298898 0.445797 0.278167 0.437505 0.273102 0.432740 0.255593 0.426469 0.244259 0.412969 0.238500 0.402938 0.256750 0.398510 0.277287 0.394078 0.285722 0.399469 0.295898 0.406490 0.299176
12 0.581755 0.269861 0.586776 0.253806 0.595307 0.242204 0.608187 0.243694 0.617052 0.260648 0.623411 0.280870 0.622740 0.289194 0.618729 0.299009 0.608021 0.301093 0.609359 0.308824 0.602000 0.318343 0.593969 0.320426 0.590453 0.309417 0.592130 0.298417 0.590625 0.283250
12 0.358266 0.467954 0.384437 0.503426 0.395839 0.500657 0.409833 0.461500 0.405167 0.448148 0.398948 0.424648 0.388844 0.414056 0.375109 0.418204 0.366818 0.445843
13 0.395906 0.073787 0.411193 0.096500 0.425906 0.100972 0.437130 0.084454 0.438875 0.059333 0.434807 0.050046 0.433068 0.038000 0.416615 0.020454 0.404615 0.035593 0.402875 0.050046
0 0.182328 0.252972 0.204094 0.279222 0.214719 0.277380 0.225859 0.249741 0.217052 0.230398 0.212385 0.214278 0.203573 0.211972 0.190359 0.229935
2 0.655599 0.000000 0.654979 0.005519 0.657495 0.011028 0.656333 0.021694 0.654203 0.035111 0.643943 0.038556 0.634656 0.030639 0.635818 0.024102 0.627297 0.023417 0.624781 0.014463 0.629589 0.000000
1 0.575839 0.344546 0.592682 0.322083 0.590094 0.304231 0.591823 0.284259 0.574755 0.263713 0.558557 0.287528 0.561255 0.302880 0.558016 0.320546 0.561365 0.332648
1 0.600687 0.092231 0.617557 0.067574 0.614682 0.051352 0.616557 0.031583 0.599813 0.010481 0.582193 0.033139 0.586068 0.049130 0.583318 0.067574
1 0.533698 0.225787 0.550089 0.199324 0.549589 0.182963 0.550422 0.165417 0.534062 0.143500 0.517318 0.167324 0.520229 0.181148 0.516781 0.198426
1 0.443646 0.277713 0.461380 0.254519 0.458536 0.236972 0.461042 0.219130 0.442474 0.197120 0.425411 0.220620 0.427755 0.237565 0.426583 0.243815 0.431432 0.250954 0.435781 0.264333 0.436286 0.269389
1 0.337083 0.199963 0.353854 0.176056 0.350677 0.158324 0.353276 0.140843 0.336365 0.118222 0.316844 0.145472 0.323062 0.159602 0.319156 0.178111
0 0.391318 0.001259 0.396672 0.011370 0.389146 0.031889 0.380276 0.045269 0.375260 0.042593 0.371745 0.030694 0.367229 0.031000 0.357193 0.014343 0.360875 0.008991 0.363135 0.000000 0.381599 0.000000
