4 0.466958 0.765176 0.442323 0.756019 0.437172 0.717037 0.445010 0.698722 0.443219 0.668065 0.450833 0.657315 0.463151 0.652139 0.476589 0.663685 0.479276 0.689167 0.483531 0.713852 0.488234 0.734556
4 0.185047 0.765648 0.166161 0.754463 0.158068 0.727278 0.165859 0.700630 0.168260 0.665981 0.173958 0.657991 0.188047 0.655324 0.198839 0.664389 0.201839 0.696361 0.208135 0.713954 0.212333 0.737407 0.200339 0.759787
2 0.492859 0.475815 0.514443 0.492333 0.523141 0.512593 0.536328 0.512593 0.547422 0.497130 0.554917 0.465157 0.544125 0.452361 0.546526 0.424111 0.533031 0.410787 0.518641 0.413991 0.512344 0.432111
2 0.000000 0.585593 0.014469 0.606389 0.026958 0.652028 0.013083 0.665593 0.000250 0.668065 0.000000 0.657926
1 0.236526 0.856685 0.248219 0.840694 0.247620 0.779935 0.220937 0.754352 0.193953 0.793796 0.197552 0.825769 0.205948 0.839630 0.210443 0.858815 0.214042 0.856157
1 0.361547 0.791657 0.385526 0.759148 0.387026 0.698389 0.363042 0.667472 0.334859 0.704787 0.336359 0.724509 0.335161 0.759148
1 0.434844 0.559120 0.464229 0.591630 0.492109 0.552194 0.485516 0.493028 0.460927 0.459981 0.434245 0.503157
1 0.056911 0.757500 0.083297 0.725519 0.079995 0.692472 0.083297 0.670083 0.059010 0.631713 0.030229 0.667426 0.033526 0.693009 0.030531 0.727648
0 0.618318 0.648574 0.649667 0.688648 0.655630 0.684509 0.682057 0.649954 0.676359 0.630148 0.672729 0.607120 0.647078 0.592833 0.634641 0.605278 0.630495 0.626463
7 0.114198 0.850167 0.131198 0.842148 0.150620 0.811935 0.137786 0.776778 0.105526 0.760130 0.099630 0.780481 0.102406 0.789111 0.093042 0.808231 0.096510 0.822417 0.105182 0.832287
7 0.365938 0.642167 0.402734 0.685472 0.428125 0.651843 0.419318 0.604398 0.412062 0.600713 0.394438 0.604861 0.380964 0.620981
8 0.004234 0.918806 0.024010 0.922500 0.038578 0.904000 0.033375 0.880565 0.035802 0.847889 0.029557 0.825065 0.014990 0.820750 0.007010 0.837398 0.001464 0.847889 0.000000 0.875731 0.000000 0.915037
10 0.278302 0.490704 0.290396 0.440935 0.303385 0.404306 0.324214 0.378028 0.338547 0.384796 0.336083 0.405500 0.358255 0.437750 0.359375 0.476769 0.368333 0.498269 0.326229 0.555991 0.281885 0.504639
11 0.088557 0.660231 0.115464 0.688796 0.129010 0.685694 0.155333 0.654037 0.145849 0.617222 0.147401 0.596231 0.119917 0.563194 0.091849 0.599324 0.095719 0.616880 0.088948 0.634083
11 0.338682 0.740491 0.328828 0.754824 0.316063 0.752833 0.290755 0.718194 0.289411 0.692713 0.295682 0.687537 0.295010 0.666435 0.297698 0.662454 0.311135 0.658472 0.317182 0.638565 0.329500 0.636574 0.333755 0.654093 0.348984 0.664843 0.348760 0.685944 0.335771 0.703861
11 0.515891 0.686861 0.493495 0.652222 0.496406 0.628333 0.498422 0.624352 0.497750 0.592898 0.510964 0.591704 0.521490 0.567019 0.527536 0.571796 0.537391 0.589713 0.546797 0.591704 0.552172 0.611213 0.557547 0.634306 0.555307 0.656204 0.533583 0.688454
13 0.150135 0.566787 0.162677 0.576741 0.170964 0.597046 0.188432 0.601426 0.204333 0.586694 0.214411 0.560815 0.211948 0.531352 0.205453 0.507463 0.184177 0.478000 0.163573 0.500694 0.161557 0.523787 0.152375 0.537722
0 0.094146 0.463769 0.101943 0.424861 0.119932 0.418463 0.134922 0.426463 0.140917 0.450972 0.143917 0.461102 0.143917 0.474426 0.135521 0.498944 0.124130 0.514398 0.119333 0.516000 0.108536 0.493611 0.103740 0.499481 0.095349 0.491481 0.099844 0.486685 0.089349 0.474426
